# in Mpc/h Units 
# (k P_nu(k))
# a= 0.424048
# nk = 757
0.020944 2249.35
0.0296192 1191.99
0.036276 729.508
0.0418879 489.99
0.0468321 363.172
0.051302 288.782
0.0592384 202.05
0.0628319 173.464
0.0662306 144.516
0.0694632 127.74
0.072552 114.936
0.0755145 90.1748
0.0783651 79.8125
0.0837758 71.8357
0.0863541 54.6718
0.0888577 47.1914
0.0912926 44.9523
0.0936642 44.5354
0.0959772 35.4663
0.0982358 32.2068
0.102604 29.7474
0.10472 25.1302
0.106794 22.9247
0.108828 20.4803
0.112787 20.0823
0.114715 18.5263
0.118477 17.4335
0.120314 16.8558
0.122123 15.3398
0.123906 13.957
0.125664 12.2867
0.127397 12.4043
0.129107 11.1249
0.132461 8.51977
0.134107 10.3037
0.135732 9.68627
0.137339 9.09971
0.138926 9.44885
0.140496 7.70878
0.142049 7.29324
0.145104 3.86235
0.146608 6.4828
0.148096 6.32141
0.14957 6.095
0.151029 6.05814
0.152474 5.91801
0.153906 5.40688
0.15673 4.78831
0.158123 4.6823
0.159504 4.51259
0.160874 4.12812
0.163577 4.53805
0.164913 3.71203
0.167552 3.50194
0.168856 3.27423
0.170149 3.57262
0.171434 3.34395
0.172708 3.17626
0.173974 2.81963
0.17523 3.00695
0.177715 3.4231
0.178945 2.31905
0.180167 2.70953
0.18138 2.84491
0.182585 2.22565
0.183782 2.3734
0.184972 2.45991
0.187328 2.07537
0.188496 2.46844
0.190347 1.96467
0.191954 2.23496
0.193094 1.80767
0.194226 1.92096
0.196472 1.86147
0.197585 1.90768
0.199006 1.95107
0.201976 1.81605
0.203059 1.44081
0.205208 1.4243
0.206274 1.56392
0.207335 1.36035
0.20839 1.51374
0.210326 1.39299
0.211524 1.53283
0.213587 1.07757
0.214612 1.11829
0.215631 1.18319
0.216957 1.12906
0.218661 1.01215
0.219662 1.19927
0.223129 0.926009
0.224599 0.877862
0.22618 0.996919
0.22751 1.07077
0.229429 0.813616
0.230383 0.913697
0.231604 0.878283
0.23416 0.761498
0.235095 0.732187
0.236954 0.85319
0.238108 0.786832
0.239975 0.751731
0.241537 0.651243
0.242444 0.657283
0.244844 0.610563
0.246417 0.580646
0.248401 0.622692
0.249576 0.528541
0.251327 0.486815
0.252777 0.568919
0.254191 0.576506
0.25601 0.561013
0.258214 0.471103
0.2594 0.468325
0.26075 0.357199
0.262904 0.442609
0.265657 0.445689
0.266722 0.367329
0.268622 0.379537
0.269844 0.449412
0.271964 0.397241
0.273543 0.385123
0.275842 0.336542
0.277853 0.445679
0.279641 0.355208
0.28148 0.379593
0.282936 0.310393
0.285198 0.346067
0.286404 0.296408
0.288084 0.301813
0.291553 0.272058
0.292736 0.303537
0.294335 0.276235
0.296659 0.245511
0.298323 0.227058
0.300394 0.247956
0.302928 0.223237
0.304588 0.226254
0.305974 0.244309
0.308578 0.214366
0.310884 0.196148
0.312408 0.18164
0.314799 0.187497
0.317265 0.20254
0.319597 0.169457
0.320771 0.162804
0.3227 0.170318
0.32574 0.167912
0.32795 0.159293
0.330224 0.162529
0.331726 0.146281
0.333831 0.146485
0.336246 0.138019
0.338319 0.1429
0.341157 0.136363
0.343593 0.112649
0.346262 0.111374
0.347842 0.104224
0.350326 0.119951
0.352828 0.0961392
0.354442 0.0995072
0.356776 0.103219
0.359142 0.0996835
0.361681 0.094629
0.363857 0.0930918
0.366441 0.0833099
0.368657 0.0885148
0.371486 0.0930376
0.374587 0.0747958
0.376839 0.0797566
0.379079 0.0797003
0.38178 0.0666712
0.384712 0.0671138
0.386663 0.0613763
0.389313 0.0645913
0.39167 0.0659212
0.394428 0.0642068
0.397811 0.0573681
0.400019 0.0681532
0.402781 0.0598199
0.405015 0.0581879
0.40766 0.0597994
0.410865 0.0504945
0.413244 0.0525998
0.416084 0.0472554
0.418986 0.0479669
0.421544 0.0449533
0.424534 0.0444294
0.42751 0.0379127
0.430034 0.0461992
0.432751 0.0419668
0.436344 0.0362299
0.438896 0.040807
0.44171 0.0356646
0.444585 0.0340692
0.447784 0.0319314
0.45034 0.0308712
0.453413 0.0297169
0.456575 0.0270128
0.459787 0.0283067
0.462622 0.027293
0.465862 0.0274989
0.468802 0.0260717
0.471915 0.0246668
0.475472 0.0236738
0.478779 0.0248622
0.481919 0.0236974
0.484939 0.0218198
0.488502 0.0213677
0.491034 0.0206871
0.494348 0.0188165
0.497688 0.0183813
0.500527 0.0198348
0.504331 0.0183884
0.507364 0.0179716
0.510774 0.0166996
0.514275 0.0161976
0.517978 0.0154001
0.521294 0.0150028
0.524822 0.0138017
0.527973 0.0138302
0.531698 0.013655
0.535226 0.0130974
0.539103 0.0127393
0.543 0.0123555
0.546011 0.0118015
0.549827 0.0111563
0.55369 0.0112391
0.557166 0.0107377
0.560475 0.0109362
0.564609 0.0103564
0.56859 0.00987374
0.572441 0.00949426
0.5763 0.0089087
0.580121 0.00894429
0.583625 0.00864236
0.587525 0.00807239
0.591428 0.00781423
0.595301 0.00759184
0.599624 0.00771403
0.603294 0.00739415
0.60771 0.00672075
0.611568 0.0070244
0.615779 0.00669244
0.619303 0.0064354
0.623194 0.00595689
0.627636 0.00596179
0.631826 0.00566356
0.635971 0.00534275
0.64039 0.00565675
0.644956 0.00528441
0.649302 0.0051789
0.653461 0.00499675
0.657644 0.00468859
0.662026 0.00454464
0.666685 0.00426289
0.670916 0.00423629
0.675462 0.00404965
0.679703 0.00411925
0.684292 0.00393114
0.688927 0.00378471
0.693468 0.00363058
0.698026 0.00336666
0.702952 0.00336944
0.707372 0.00319078
0.712317 0.00317645
0.716936 0.00292397
0.721869 0.00297917
0.726964 0.00280845
0.73163 0.00261747
0.736224 0.00255717
0.74119 0.00257591
0.746118 0.00244875
0.751313 0.00229261
0.756133 0.00236319
0.761156 0.00226717
0.766095 0.00219776
0.771205 0.00206535
0.776456 0.00208746
0.781432 0.00189121
0.786733 0.00183874
0.791574 0.00185252
0.797255 0.00176297
0.802676 0.00166969
0.808005 0.0016901
0.813482 0.00159816
0.818759 0.00160076
0.824173 0.00146697
0.829708 0.00144026
0.834919 0.00141043
0.840568 0.00132648
0.846479 0.00135517
0.851948 0.00126341
0.857592 0.00119734
0.863369 0.0011952
0.869182 0.00113567
0.874831 0.001108
0.880682 0.00109343
0.886294 0.00102633
0.892352 0.00101661
0.898399 0.000982791
0.904229 0.000924396
0.910231 0.000899737
0.916513 0.000860958
0.922651 0.000832474
0.92895 0.000815192
0.935092 0.000796919
0.940995 0.000768238
0.947406 0.000747353
0.953652 0.000717445
0.960017 0.000680467
0.966595 0.000681482
0.972908 0.000651891
0.979222 0.000614921
0.985855 0.000609645
0.992666 0.00060343
0.998881 0.000576925
1.00551 0.000543019
1.01216 0.000529751
1.01908 0.000519521
1.02599 0.000498125
1.03271 0.000475428
1.03948 0.000469178
1.04641 0.000442922
1.05346 0.000443486
1.06036 0.000420982
1.0676 0.000412533
1.07471 0.000400657
1.08175 0.000374006
1.08895 0.000371338
1.09637 0.000363324
1.10369 0.00034099
1.11092 0.00033279
1.1181 0.000324086
1.12573 0.000313275
1.1332 0.000302946
1.14081 0.000296791
1.14829 0.000283171
1.15605 0.000276594
1.16374 0.00026366
1.1717 0.000258411
1.17935 0.000244674
1.18713 0.000239582
1.195 0.00022779
1.20281 0.000225462
1.21088 0.00021312
1.21904 0.000206826
1.22715 0.000202064
1.23533 0.000195815
1.24354 0.000192577
1.25174 0.000180778
1.26013 0.000179184
1.26845 0.000173923
1.27706 0.000166732
1.28545 0.000163582
1.29387 0.000157869
1.3027 0.000150165
1.31143 0.000146158
1.3202 0.000141647
1.32891 0.000133699
1.33775 0.000131176
1.34663 0.000127121
1.35548 0.000123
1.3645 0.000119332
1.37362 0.000118435
1.38289 0.000111165
1.39214 0.000108826
1.40146 0.000105459
1.41076 0.000100398
1.42016 9.79473e-05
1.42955 9.51331e-05
1.43897 9.09533e-05
1.44856 8.93763e-05
1.45815 8.76252e-05
1.46783 8.27735e-05
1.47755 8.01219e-05
1.48753 7.90712e-05
1.4975 7.56704e-05
1.50759 7.21298e-05
1.51744 7.10313e-05
1.52762 6.89968e-05
1.53782 6.65058e-05
1.54798 6.46479e-05
1.55817 6.25672e-05
1.56867 6.00225e-05
1.579 5.92385e-05
1.58955 5.58163e-05
1.60018 5.44199e-05
1.61084 5.25553e-05
1.62148 5.04923e-05
1.63242 4.9411e-05
1.64322 4.79955e-05
1.65411 4.57028e-05
1.66512 4.48508e-05
1.67627 4.29731e-05
1.68736 4.16916e-05
1.69863 4.07343e-05
1.70994 3.90435e-05
1.72135 3.78761e-05
1.73279 3.63761e-05
1.74428 3.55373e-05
1.75588 3.41658e-05
1.76756 3.3612e-05
1.77941 3.23503e-05
1.79124 3.12461e-05
1.80325 3.02653e-05
1.81507 2.95522e-05
1.82722 2.82794e-05
1.83948 2.73986e-05
1.85166 2.65275e-05
1.86408 2.57082e-05
1.87633 2.50503e-05
1.88886 2.39063e-05
1.90144 2.29483e-05
1.914 2.24695e-05
1.92679 2.16183e-05
1.93957 2.11508e-05
1.95256 2.02114e-05
1.96563 1.97601e-05
1.97869 1.91142e-05
1.99179 1.84159e-05
2.00509 1.78434e-05
2.01846 1.71302e-05
2.03193 1.66948e-05
2.04528 1.62088e-05
2.05892 1.59094e-05
2.07279 1.51107e-05
2.0865 1.46696e-05
2.10039 1.41948e-05
2.11443 1.37297e-05
2.12845 1.33062e-05
2.14263 1.28793e-05
2.15695 1.23911e-05
2.17119 1.2062e-05
2.18567 1.16529e-05
2.20036 1.13551e-05
2.21494 1.08363e-05
2.22958 1.0562e-05
2.24445 1.02399e-05
2.25936 9.87128e-06
2.27439 9.5613e-06
2.28969 9.20924e-06
2.30493 8.99475e-06
2.32027 8.65402e-06
2.33573 8.36702e-06
2.35122 8.11003e-06
2.3669 7.87084e-06
2.38266 7.55498e-06
2.39847 7.4299e-06
2.41442 7.09215e-06
2.43055 6.77536e-06
2.44673 6.64588e-06
2.4629 6.43702e-06
2.47932 6.23489e-06
2.4959 5.96175e-06
2.51254 5.79825e-06
2.52927 5.63411e-06
2.54604 5.43117e-06
2.56299 5.27269e-06
2.58009 5.09794e-06
2.5973 4.95258e-06
2.61455 4.74084e-06
2.63195 4.59213e-06
2.64948 4.46895e-06
2.66707 4.30665e-06
2.68485 4.15216e-06
2.70286 4.03924e-06
2.72085 3.87691e-06
2.73892 3.75186e-06
2.75712 3.63045e-06
2.77543 3.52455e-06
2.79389 3.3883e-06
2.81251 3.30161e-06
2.83127 3.17919e-06
2.85007 3.062e-06
2.86897 2.98373e-06
2.88818 2.87617e-06
2.90739 2.77998e-06
2.92669 2.67431e-06
2.94616 2.58622e-06
2.96573 2.51083e-06
2.98548 2.4185e-06
3.00539 2.32474e-06
3.02539 2.25622e-06
3.04557 2.17209e-06
3.06592 2.09746e-06
3.0863 2.03294e-06
3.10684 1.96871e-06
3.12756 1.90017e-06
3.1484 1.84147e-06
3.16935 1.77817e-06
3.19042 1.70723e-06
3.21172 1.64934e-06
3.2331 1.60114e-06
3.25451 1.54737e-06
3.27615 1.49912e-06
3.2979 1.44896e-06
3.31984 1.40308e-06
3.34198 1.34897e-06
3.3643 1.30313e-06
3.38673 1.2607e-06
3.40918 1.21866e-06
3.43196 1.17264e-06
3.45493 1.13745e-06
3.47788 1.09142e-06
3.50098 1.05503e-06
3.52428 1.024e-06
3.54776 9.892e-07
3.5713 9.57856e-07
3.59506 9.24365e-07
3.61902 8.89994e-07
3.64313 8.61076e-07
3.66736 8.28238e-07
3.69182 8.01549e-07
3.71639 7.7118e-07
3.7411 7.47974e-07
3.76602 7.21343e-07
3.7911 6.95832e-07
3.81637 6.7511e-07
3.8418 6.49989e-07
3.8673 6.28015e-07
3.89298 6.03982e-07
3.91895 5.83442e-07
3.94503 5.65175e-07
3.97125 5.43972e-07
3.99772 5.26506e-07
4.02443 5.07463e-07
4.05121 4.89613e-07
4.07809 4.72701e-07
4.10526 4.56889e-07
4.13259 4.40798e-07
4.16008 4.24474e-07
4.18785 4.11128e-07
4.21573 3.96102e-07
4.24371 3.82321e-07
4.27197 3.69242e-07
4.30044 3.5664e-07
4.32905 3.43621e-07
4.35788 3.31883e-07
4.38688 3.20334e-07
4.41605 3.08728e-07
4.44546 2.96871e-07
4.47509 2.87392e-07
4.50493 2.77644e-07
4.53494 2.66935e-07
4.56506 2.5852e-07
4.59545 2.49233e-07
4.62609 2.4028e-07
4.65691 2.3165e-07
4.68789 2.23461e-07
4.71906 2.15733e-07
4.75048 2.08263e-07
4.78209 2.00161e-07
4.8139 1.9315e-07
4.84595 1.86124e-07
4.87821 1.80212e-07
4.91071 1.73553e-07
4.94338 1.67336e-07
4.97629 1.61574e-07
5.00945 1.5557e-07
5.04276 1.50215e-07
5.07626 1.44875e-07
5.1101 1.39186e-07
5.14418 1.3441e-07
5.1784 1.29797e-07
5.21287 1.25096e-07
5.24757 1.20839e-07
5.2825 1.16283e-07
5.31768 1.12056e-07
5.35308 1.08181e-07
5.38871 1.04219e-07
5.42459 1.00607e-07
5.46071 9.69482e-08
5.49705 9.32712e-08
5.53363 9.00442e-08
5.57046 8.6825e-08
5.60749 8.36936e-08
5.64482 8.06802e-08
5.68244 7.76712e-08
5.72029 7.48745e-08
5.7584 7.21907e-08
5.79671 6.95484e-08
5.83528 6.70784e-08
5.87416 6.47189e-08
5.91325 6.2335e-08
5.95258 6.02706e-08
5.99221 5.79133e-08
6.03213 5.59651e-08
6.07232 5.37736e-08
6.11272 5.18871e-08
6.15341 4.99886e-08
6.1944 4.81377e-08
6.23563 4.64237e-08
6.27716 4.47521e-08
6.31895 4.31709e-08
6.36099 4.14941e-08
6.40334 3.99664e-08
6.44597 3.85257e-08
6.48883 3.71506e-08
6.53202 3.5833e-08
6.57553 3.44784e-08
6.61931 3.3231e-08
6.66339 3.20445e-08
6.70776 3.07905e-08
6.7524 2.96849e-08
6.79737 2.86455e-08
6.84263 2.75441e-08
6.88816 2.65897e-08
6.93399 2.56171e-08
6.98015 2.46711e-08
7.02663 2.3795e-08
7.0734 2.29212e-08
7.12047 2.20465e-08
7.16789 2.12252e-08
7.21564 2.04536e-08
7.26365 1.97099e-08
7.312 1.90101e-08
7.36069 1.83081e-08
7.40968 1.76475e-08
7.459 1.70042e-08
7.50862 1.63686e-08
7.5586 1.57687e-08
7.60894 1.51982e-08
7.65961 1.46448e-08
7.7106 1.41134e-08
7.76192 1.35997e-08
7.81363 1.30965e-08
7.86566 1.26216e-08
7.91801 1.21708e-08
7.97072 1.17232e-08
8.02376 1.13054e-08
8.07717 1.08984e-08
8.13095 1.04914e-08
8.18507 1.01015e-08
8.23956 9.74813e-09
8.29442 9.39568e-09
8.34962 9.05532e-09
8.40521 8.73178e-09
8.46119 8.42018e-09
8.51752 8.11799e-09
8.57417 7.83058e-09
8.63126 7.55738e-09
8.68876 7.28888e-09
8.74657 7.0246e-09
8.80479 6.77627e-09
8.86345 6.53742e-09
8.92244 6.30551e-09
8.98183 6.09426e-09
9.04164 5.87419e-09
9.10181 5.67898e-09
9.1624 5.48089e-09
9.22341 5.29588e-09
9.28477 5.11639e-09
9.34659 4.9458e-09
9.40883 4.7726e-09
9.47148 4.61355e-09
9.53453 4.46488e-09
9.59797 4.31995e-09
9.66188 4.17937e-09
9.72619 4.05022e-09
9.79093 3.9216e-09
9.85612 3.80058e-09
9.92173 3.68004e-09
9.98778 3.5712e-09
10.0543 3.4622e-09
10.1212 3.36142e-09
10.1886 3.26152e-09
10.2564 3.16942e-09
10.3247 3.08146e-09
10.3934 3.0011e-09
10.4626 2.91588e-09
10.5323 2.84302e-09
10.6024 2.77286e-09
10.6729 2.70845e-09
10.7439 2.63389e-09
10.8154 2.54285e-09
10.8874 2.45256e-09
10.9599 2.36872e-09
11.0329 2.28961e-09
11.1063 2.21153e-09
11.1802 2.13756e-09
11.2546 2.06587e-09
11.3296 1.99774e-09
11.405 1.93088e-09
11.4809 1.8668e-09
11.5573 1.80663e-09
11.6343 1.74808e-09
11.7117 1.69131e-09
11.7897 1.63859e-09
11.8682 1.58772e-09
11.9472 1.53605e-09
12.0267 1.48963e-09
12.1068 1.44143e-09
12.1874 1.39963e-09
12.2685 1.35744e-09
12.3502 1.31618e-09
12.4324 1.27805e-09
12.5151 1.24093e-09
12.5985 1.20457e-09
12.6823 1.17075e-09
12.7667 1.13789e-09
12.8517 1.10663e-09
12.9373 1.0772e-09
13.0234 1.04932e-09
13.1101 1.02226e-09
13.1973 9.96224e-10
13.2852 9.72647e-10
13.3736 9.47667e-10
13.4626 9.24885e-10
13.5522 9.05412e-10
13.6424 8.8496e-10
13.7332 8.66053e-10
13.8247 8.49151e-10
13.9167 8.31899e-10
14.0093 8.15875e-10
14.1025 8.01004e-10
14.1964 7.86449e-10
14.2909 7.73129e-10
14.386 7.59545e-10
14.4818 7.48052e-10
14.5781 7.36022e-10
14.6751 7.22994e-10
14.7727 7.10127e-10
14.8711 6.95576e-10
14.97 6.80164e-10
15.0695 6.62751e-10
15.1698 6.40469e-10
15.2709 6.2121e-10
15.3726 6.0432e-10
15.4749 5.91497e-10
15.5779 5.79056e-10
15.6816 5.6755e-10
15.786 5.57235e-10
15.8911 5.48066e-10
15.9968 5.40887e-10
16.1033 5.32369e-10
16.2104 5.27586e-10
16.3183 5.22813e-10
16.4269 5.18071e-10
16.5362 5.14936e-10
16.6462 5.13919e-10
16.757 5.13835e-10
16.8685 5.13983e-10
16.9806 5.1638e-10
17.0936 5.19338e-10
17.2072 5.23322e-10
17.3216 5.31852e-10
17.4366 5.35266e-10
17.5525 5.51052e-10
17.6693 5.59094e-10
17.7861 5.78796e-10
17.9035 5.94733e-10
18.0221 6.14898e-10
18.1408 6.45639e-10
18.2586 6.68248e-10
18.374 6.90414e-10
18.4789 7.3343e-10
