# in Mpc/h Units 
# D1 = 0.971637 
# k P N P(z=0)
0.020944 45965.7 6 48688.4
0.0296192 22129 12 23439.8
0.036276 28116.6 8 29782
0.0418879 22948.2 6 24307.5
0.0468321 23844.9 24 25257.3
0.051302 11934.8 24 12641.7
0.0592384 10882.3 12 11526.9
0.0628319 12996.8 30 13766.7
0.0662306 11261.3 24 11928.3
0.0694632 13287.6 24 14074.6
0.072552 12736.5 8 13490.9
0.0755145 12125.8 24 12844
0.0783651 8520.79 48 9025.5
0.0837758 16624.9 6 17609.6
0.0863541 7128.37 48 7550.61
0.0888577 5181.84 36 5488.77
0.0912926 7868.14 24 8334.2
0.0936642 5632.86 24 5966.51
0.0959772 6660.22 48 7054.72
0.0982358 4489.76 24 4755.7
0.102604 5278.49 24 5591.16
0.10472 5586.83 30 5917.76
0.106794 7675.56 72 8130.2
0.108828 6077.45 32 6437.43
0.112787 4528.2 72 4796.42
0.114715 4508.93 48 4776.01
0.118477 989.742 12 1048.37
0.120314 5295.06 48 5608.7
0.122123 4333 48 4589.66
0.123906 5134.03 48 5438.13
0.125664 7156.73 30 7580.64
0.127397 4165.75 24 4412.5
0.129107 5523.98 72 5851.18
0.132461 5839.92 24 6185.83
0.134107 3663.6 96 3880.61
0.135732 4271.53 48 4524.55
0.137339 4665.76 24 4942.13
0.138926 6209.03 24 6576.81
0.140496 2399.8 72 2541.94
0.142049 2975.09 48 3151.31
0.145104 7440.3 8 7881.01
0.146608 3612.94 54 3826.95
0.148096 3895.2 84 4125.93
0.14957 5576.87 48 5907.2
0.151029 2699.9 24 2859.83
0.152474 3241.86 72 3433.89
0.153906 4175.2 96 4422.51
0.15673 2768.67 48 2932.66
0.158123 3202.62 48 3392.32
0.159504 4414.46 24 4675.94
0.160874 3061.08 72 3242.4
0.163577 3500.59 72 3707.94
0.164913 3498.59 96 3705.83
0.167552 824.521 6 873.36
0.168856 3327.72 96 3524.83
0.170149 2932.33 96 3106.02
0.171434 2571.93 24 2724.28
0.172708 3653.91 48 3870.35
0.173974 3174.28 96 3362.31
0.17523 2780.02 48 2944.69
0.177715 2398.42 36 2540.49
0.178945 2775.76 48 2940.17
0.180167 2780.69 120 2945.4
0.18138 3085.49 56 3268.25
0.182585 2592.12 24 2745.66
0.183782 2756.01 96 2919.26
0.184972 1734.93 48 1837.69
0.187328 2580.99 24 2733.87
0.188496 1912.14 102 2025.4
0.190347 3334.54 120 3532.05
0.191954 2844.24 48 3012.71
0.193094 2843.42 48 3011.85
0.194226 2944.7 120 3119.12
0.196472 2572.08 24 2724.44
0.197585 2672.32 144 2830.61
0.199006 2626.5 168 2782.08
0.201976 2508.03 48 2656.58
0.203059 2310.25 96 2447.1
0.205208 2422.24 24 2565.72
0.206274 1411.39 48 1495
0.207335 2677.36 108 2835.95
0.20839 3000.52 72 3178.25
0.210326 2471.72 198 2618.13
0.211524 2465.58 48 2611.63
0.213587 2483.5 72 2630.61
0.214612 1795.13 96 1901.46
0.215631 2219.74 72 2351.23
0.216957 2379.58 104 2520.53
0.218661 2153.27 72 2280.81
0.219662 2151.44 144 2278.87
0.223129 1944.86 192 2060.06
0.224599 1541.46 48 1632.77
0.22618 2148.88 192 2276.16
0.22751 2046.85 72 2168.09
0.229429 1652.8 48 1750.71
0.230383 3039.6 78 3219.65
0.231604 2172.31 168 2300.99
0.23416 2090.16 144 2213.97
0.235095 2013.68 144 2132.96
0.236954 1319.06 12 1397.19
0.238108 2426.31 192 2570.03
0.239975 1933.17 168 2047.68
0.241537 1765.42 48 1870
0.242444 1869.37 168 1980.1
0.244844 2192.59 144 2322.46
0.246417 1701 168 1801.76
0.248401 1917.59 144 2031.18
0.249576 1721.55 48 1823.52
0.251327 2035.63 30 2156.21
0.252777 2227.77 288 2359.73
0.254191 1304.34 80 1381.6
0.25601 1786.43 288 1892.24
0.258214 1803.96 72 1910.81
0.2594 2202.88 240 2333.37
0.26075 1635.88 96 1732.78
0.262904 1914.78 168 2028.2
0.265657 1733.44 216 1836.12
0.266722 1620.49 132 1716.47
0.268622 1694.44 192 1794.81
0.269844 1648.23 120 1745.86
0.271964 1891.12 126 2003.14
0.273543 1721.37 288 1823.33
0.275842 1431.96 312 1516.78
0.277853 1118.76 24 1185.03
0.279641 1608.6 264 1703.89
0.28148 1902.44 192 2015.13
0.282936 1347.16 192 1426.96
0.285198 1680 336 1779.51
0.286404 1640.43 48 1737.6
0.288084 1397.41 240 1480.18
0.291553 1565.72 296 1658.47
0.292736 1531.39 150 1622.1
0.294335 1878.64 240 1989.92
0.296659 1423.73 228 1508.06
0.298323 1609.89 216 1705.25
0.300394 1438.09 336 1523.27
0.302928 1595.47 360 1689.98
0.304588 1626.22 144 1722.55
0.305974 1781.26 168 1886.77
0.308578 1345.27 312 1424.96
0.310884 1375.56 288 1457.04
0.312408 1340.18 192 1419.56
0.314799 1317.46 366 1395.5
0.317265 1374.21 408 1455.61
0.319597 1350.97 168 1430.99
0.320771 1219.24 336 1291.46
0.3227 1174.43 240 1244
0.32574 1701.59 380 1802.38
0.32795 1218.58 384 1290.77
0.330224 1366.48 240 1447.42
0.331726 1257.84 360 1332.35
0.333831 1280.17 198 1356
0.336246 1285.72 384 1361.88
0.338319 1240.6 384 1314.08
0.341157 1239.04 432 1312.44
0.343593 1359.41 528 1439.93
0.346262 1378.19 288 1459.82
0.347842 1337.78 288 1417.02
0.350326 1201.16 456 1272.3
0.352828 1197.74 360 1268.69
0.354442 1319.95 180 1398.13
0.356776 1202.6 486 1273.83
0.359142 1282.65 504 1358.62
0.361681 1300.93 512 1377.98
0.363857 1495.07 264 1583.63
0.366441 1210.49 600 1282.19
0.368657 1103.7 288 1169.08
0.371486 1156.88 672 1225.4
0.374587 1281.14 408 1357.03
0.376839 1162.82 462 1231.69
0.379079 1102.97 600 1168.31
0.38178 1160.37 504 1229.11
0.384712 1170.35 324 1239.68
0.386663 1118.68 744 1184.94
0.389313 1127.7 456 1194.5
0.39167 1189.14 432 1259.58
0.394428 1123.55 720 1190.1
0.397811 1102.4 534 1167.7
0.400019 1004.78 536 1064.3
0.402781 1094.81 624 1159.66
0.405015 1037.65 600 1099.12
0.40766 1107.19 696 1172.77
0.410865 1001.25 456 1060.56
0.413244 998.614 732 1057.77
0.416084 982.863 600 1041.08
0.418986 1052.16 702 1114.49
0.421544 968.36 672 1025.72
0.424534 1082.96 768 1147.1
0.42751 1055.1 768 1117.6
0.430034 967.393 408 1024.69
0.432751 1026.12 1080 1086.9
0.436344 975.117 632 1032.88
0.438896 957.417 750 1014.13
0.44171 940.658 696 996.376
0.444585 977.235 876 1035.12
0.447784 1078.03 864 1141.88
0.45034 1005.74 768 1065.32
0.453413 977.183 888 1035.07
0.456575 919.531 816 973.998
0.459787 1014.41 654 1074.5
0.462622 913.569 1296 967.683
0.465862 909.401 816 963.268
0.468802 904.296 816 957.86
0.471915 872.516 1088 924.198
0.475472 951.818 1020 1008.2
0.478779 818.627 1032 867.117
0.481919 882.695 942 934.979
0.484939 954.463 1032 1011
0.488502 872.475 1128 924.155
0.491034 886.88 888 939.413
0.494348 870.062 1176 921.599
0.497688 815.987 960 864.32
0.500527 909.206 1110 963.061
0.504331 840.197 1116 889.965
0.507364 837.603 1352 887.217
0.510774 850.223 1200 900.584
0.514275 861.886 1224 912.938
0.517978 838.118 1320 887.763
0.521294 872.709 1128 924.402
0.524822 819.456 1518 867.995
0.527973 814.828 1080 863.093
0.531698 764.15 1524 809.413
0.535226 776.418 1416 822.408
0.539103 770.272 1704 815.897
0.543 757.871 1088 802.763
0.546011 823.934 1446 872.738
0.549827 809.364 1800 857.306
0.55369 784.67 1512 831.149
0.557166 733.862 1392 777.331
0.560475 752.103 1392 796.652
0.564609 741.267 1962 785.174
0.56859 736.454 1776 780.077
0.572441 755.222 1680 799.956
0.5763 769.746 1776 815.34
0.580121 775.45 1544 821.382
0.583625 766.429 1896 811.827
0.587525 729.036 1662 772.219
0.591428 714.291 1908 756.601
0.595301 744.682 2184 788.791
0.599624 721.18 1848 763.898
0.603294 758.756 1848 803.699
0.60771 704.364 2238 746.086
0.611568 739.985 2088 783.817
0.615779 733.366 2192 776.805
0.619303 699.539 1536 740.975
0.623194 707.678 2412 749.595
0.627636 674.122 2262 714.053
0.631826 687.062 2448 727.759
0.635971 700.542 2040 742.037
0.64039 689.765 2976 730.622
0.644956 687.645 2184 728.377
0.649302 660.664 2550 699.797
0.653461 684.375 2396 724.913
0.657644 679.06 2760 719.283
0.662026 665.123 2424 704.52
0.666685 689.953 2832 730.821
0.670916 668.552 2574 708.152
0.675462 667.74 3024 707.292
0.679703 666.739 2484 706.232
0.684292 660.774 3168 699.914
0.688927 639.548 2894 677.43
0.693468 633.977 2856 671.53
0.698026 632.015 3384 669.451
0.702952 607.828 3240 643.831
0.707372 622.433 2856 659.301
0.712317 639.583 3474 677.467
0.716936 611.309 3432 647.518
0.721869 594.593 3552 629.813
0.726964 608.969 3560 645.04
0.73163 586.257 3270 620.983
0.736224 603.076 3552 638.798
0.74119 587.434 3780 622.23
0.746118 577.008 3960 611.186
0.751313 592.918 3696 628.039
0.756133 587.331 3726 622.12
0.761156 593.149 4376 628.283
0.766095 547.81 3648 580.259
0.771205 562.128 4332 595.425
0.776456 558.304 4254 591.374
0.781432 581.568 4296 616.016
0.786733 565.78 4320 599.293
0.791574 569.485 4368 603.218
0.797255 560.394 4826 593.588
0.802676 563.529 5016 596.909
0.808005 552.174 4608 584.881
0.813482 551.253 4824 583.906
0.818759 555.51 4950 588.415
0.824173 533.316 5232 564.906
0.829708 536.131 4980 567.887
0.834919 515.87 4838 546.427
0.840568 536.807 6024 568.604
0.846479 531.099 5520 562.557
0.851948 519.18 5400 549.932
0.857592 525.388 5538 556.509
0.863369 518.896 6456 549.632
0.869182 513.797 5504 544.23
0.874831 504.558 6168 534.444
0.880682 477.645 5910 505.937
0.886294 506.853 6372 536.876
0.892352 504.021 6768 533.876
0.898399 494.234 6294 523.509
0.904229 485.994 6656 514.781
0.910231 485.61 7224 514.374
0.916513 468.476 6708 496.226
0.922651 468.555 7566 496.308
0.92895 486.325 7416 515.132
0.935092 462.226 6984 489.605
0.940995 478.699 7310 507.054
0.947406 475.547 8148 503.715
0.953652 470.282 7632 498.138
0.960017 456.624 8088 483.671
0.966595 458.96 8478 486.146
0.972908 467.75 8112 495.456
0.979222 457.687 8108 484.797
0.985855 450.894 9510 477.601
0.992666 450.95 8472 477.661
0.998881 454.261 8832 481.168
1.00551 448.041 8898 474.58
1.01216 445.883 10008 472.294
1.01908 452.124 9392 478.905
1.02599 432.644 10206 458.271
1.03271 435.798 9528 461.611
1.03948 429.334 10236 454.765
1.04641 428.245 10398 453.611
1.05346 425.611 10784 450.822
1.06036 427.34 10584 452.653
1.0676 422.286 11346 447.299
1.07471 421.786 11400 446.769
1.08175 413.573 11016 438.07
1.08895 416.61 11870 441.287
1.09637 412.029 12516 436.435
1.10369 406.292 11880 430.358
1.11092 407.916 11886 432.078
1.1181 404.488 13104 428.447
1.12573 392.893 12764 416.165
1.1332 402.257 13446 426.084
1.14081 387.336 13464 410.279
1.14829 385.322 13398 408.146
1.15605 393.492 14628 416.8
1.16374 399.47 14024 423.132
1.1717 392.596 15054 415.851
1.17935 383.116 14496 405.809
1.18713 374.362 15012 396.537
1.195 370.392 15422 392.332
1.20281 374.734 15624 396.93
1.21088 370.463 16146 392.406
1.21904 370.5 17064 392.446
1.22715 371.395 16152 393.393
1.23533 366.388 17510 388.09
1.24354 360.907 17172 382.284
1.25174 354.492 17880 375.489
1.26013 358.338 18030 379.563
1.26845 348.946 18680 369.615
1.27706 345.082 19170 365.522
1.28545 348.345 18720 368.979
1.29387 347.791 19536 368.392
1.3027 337.428 20954 357.415
1.31143 338.503 20328 358.553
1.3202 332.604 20718 352.305
1.32891 335.593 21348 355.471
1.33775 334.053 21534 353.84
1.34663 323.798 22256 342.977
1.35548 327.667 22104 347.076
1.3645 320.475 23178 339.458
1.37362 320.613 23880 339.604
1.38289 317.034 24230 335.813
1.39214 319.816 24468 338.76
1.40146 307.715 25230 325.942
1.41076 312.001 25328 330.482
1.42016 307.056 25818 325.244
1.42955 302.387 26616 320.299
1.43897 300.961 26376 318.788
1.44856 297.001 28034 314.593
1.45815 295.796 27816 313.317
1.46783 293.579 28398 310.969
1.47755 291.916 29652 309.207
1.48753 291.365 30134 308.623
1.4975 287.289 30792 304.306
1.50759 281.501 31218 298.175
1.51744 278.02 30912 294.488
1.52762 283.024 33158 299.788
1.53782 275.652 32772 291.98
1.54798 278.759 33150 295.271
1.55817 271.57 34256 287.656
1.56867 273.219 35562 289.403
1.579 265.756 34992 281.498
1.58955 268.043 37158 283.92
1.60018 265.262 36956 280.975
1.61084 264.226 37950 279.877
1.62148 255.645 38496 270.788
1.63242 258.213 40274 273.507
1.64322 254.409 39264 269.478
1.65411 254.753 41466 269.843
1.66512 253.609 41960 268.631
1.67627 250.887 42702 265.747
1.68736 244.51 43356 258.994
1.69863 245.105 44886 259.623
1.70994 240.132 45248 254.356
1.72135 237.766 46362 251.849
1.73279 239.799 46974 254.003
1.74428 234.806 48236 248.714
1.75588 231.582 48774 245.3
1.76756 230.773 50616 244.442
1.77941 228.865 51050 242.421
1.79124 229.66 52272 243.263
1.80325 228.258 53658 241.779
1.81507 225.352 52640 238.7
1.82722 220.719 57366 233.793
1.83948 219.224 55170 232.209
1.85166 220.204 58544 233.248
1.86408 213.961 58506 226.634
1.87633 214.471 58968 227.174
1.88886 212.946 62366 225.56
1.90144 211.911 61266 224.463
1.914 209.412 63960 221.816
1.92679 207.138 64730 219.407
1.93957 204.932 66360 217.07
1.95256 201.958 67778 213.921
1.96563 201.577 69558 213.517
1.97869 200.891 69660 212.79
1.99179 194.572 71390 206.097
2.00509 194.267 73974 205.774
2.01846 194.726 74196 206.26
2.03193 191.919 76622 203.286
2.04528 188.116 75516 199.259
2.05892 189.096 81510 200.297
2.07279 186.683 80138 197.741
2.0865 182.463 82368 193.271
2.10039 183.735 84098 194.618
2.11443 180.917 86286 191.633
2.12845 177.958 86700 188.499
2.14263 177.367 90014 187.873
2.15695 176.742 90930 187.211
2.17119 173.593 91694 183.876
2.18567 171.459 96228 181.615
2.20036 171.752 97014 181.926
2.21494 168.959 97370 178.967
2.22958 167.188 100656 177.091
2.24445 164.548 102530 174.295
2.25936 164.499 104454 174.242
2.27439 161.991 107196 171.586
2.28969 161.413 110414 170.974
2.30493 159.655 109578 169.112
2.32027 157.622 114974 166.959
2.33573 154.966 114396 164.145
2.35122 155.051 118190 164.235
2.3669 152.89 120498 161.946
2.38266 150.501 122718 159.416
2.39847 149.568 124604 158.427
2.41442 147.631 127950 156.375
2.43055 146.108 130826 154.762
2.44673 144.852 132510 153.432
2.4629 143.243 134180 151.728
2.47932 140.979 140214 149.329
2.4959 138.497 140018 146.7
2.51254 138.028 145650 146.204
2.52927 137.443 145350 145.584
2.54604 135.264 150188 143.276
2.56299 134.926 152214 142.918
2.58009 132.871 157226 140.741
2.5973 130.709 158118 138.451
2.61455 129.525 162338 137.197
2.63195 128.166 165378 135.758
2.64948 127.471 169256 135.021
2.66707 125.797 170682 133.248
2.68485 124.175 177566 131.53
2.70286 123.168 179610 130.463
2.72085 121.715 182690 128.925
2.73892 120.481 185694 127.617
2.75712 119.505 190346 126.584
2.77543 117.898 192852 124.882
2.79389 116.632 198806 123.54
2.81251 115.47 201378 122.31
2.83127 113.691 207446 120.426
2.85007 112.15 207258 118.793
2.86897 111.603 215762 118.214
2.88818 110.15 219702 116.674
2.90739 109.837 221522 116.343
2.92669 108.323 227754 114.739
2.94616 106.979 231710 113.315
2.96573 105.9 235994 112.172
2.98548 104.807 242346 111.015
3.00539 103.22 246704 109.334
3.02539 102.7 250410 108.783
3.04557 100.765 258410 106.733
3.06592 99.4256 261414 105.315
3.0863 98.8249 265874 104.679
3.10684 97.7531 273450 103.543
3.12756 95.7471 276974 101.419
3.1484 95.2403 284402 100.882
3.16935 94.5857 287754 100.188
3.19042 93.5602 295010 99.1021
3.21172 92.4874 302142 97.9657
3.2331 90.6871 304946 96.0588
3.25451 90.1675 311642 95.5085
3.27615 88.8254 319326 94.0868
3.2979 87.7705 323618 92.9694
3.31984 87.3132 333744 92.485
3.34198 86.1324 337970 91.2343
3.3643 85.3234 348758 90.3774
3.38673 84.2112 350346 89.1993
3.40918 83.0053 358778 87.922
3.43196 82.2597 370578 87.1322
3.45493 81.2172 374258 86.0279
3.47788 80.1468 380558 84.8942
3.50098 79.5004 388434 84.2094
3.52428 78.7527 398522 83.4174
3.54776 77.6852 404042 82.2867
3.5713 76.4159 412164 80.9422
3.59506 75.8571 422258 80.3503
3.61902 75.0039 430754 79.4466
3.64313 74.3734 438906 78.7788
3.66736 73.394 446738 77.7414
3.69182 72.4778 459098 76.7709
3.71639 71.6726 463380 75.918
3.7411 70.8478 476138 75.0443
3.76602 69.727 484322 73.8572
3.7911 69.1681 495738 73.2651
3.81637 68.1473 504266 72.1838
3.8418 67.3377 515696 71.3264
3.8673 66.6026 520974 70.5477
3.89298 66.0004 536882 69.9098
3.91895 65.387 546818 69.2601
3.94503 64.4945 556178 68.3147
3.97125 63.5425 567672 67.3063
3.99772 62.7969 582314 66.5165
4.02443 61.8159 593138 65.4774
4.05121 61.3827 600920 65.0185
4.07809 60.3813 614274 63.9579
4.10526 60.1144 630050 63.6752
4.13259 59.163 638678 62.6674
4.16008 58.3646 653984 61.8217
4.18785 57.8461 669618 61.2725
4.21573 57.0971 676922 60.4791
4.24371 56.4215 692552 59.7635
4.27197 55.7866 709178 59.091
4.30044 55.0549 721416 58.316
4.32905 54.2843 735698 57.4997
4.35788 53.7633 752546 56.9479
4.38688 53.0248 763760 56.1656
4.41605 52.227 782498 55.3206
4.44546 51.8071 797178 54.8758
4.47509 51.1736 814976 54.2047
4.50493 50.4922 831266 53.483
4.53494 49.9503 845696 52.9091
4.56506 49.3334 860234 52.2556
4.59545 48.5889 883928 51.4669
4.62609 48.1197 898338 50.97
4.65691 47.4277 917576 50.237
4.68789 46.9156 933194 49.6946
4.71906 46.3527 952736 49.0983
4.75048 45.761 974522 48.4716
4.78209 45.1068 990032 47.7786
4.8139 44.758 1013438 47.4091
4.84595 44.0767 1031168 46.6875
4.87821 43.6591 1055610 46.2452
4.91071 43.0019 1074440 45.5491
4.94338 42.4752 1095146 44.9912
4.97629 42.0932 1119584 44.5866
5.00945 41.5095 1141922 43.9682
5.04276 40.9362 1160216 43.361
5.07626 40.3943 1185992 42.787
5.1101 39.9293 1215422 42.2944
5.14418 39.4679 1235072 41.8057
5.1784 38.8866 1259024 41.19
5.21287 38.4974 1286210 40.7777
5.24757 38.0203 1310960 40.2724
5.2825 37.556 1338056 39.7806
5.31768 37.1201 1364966 39.3188
5.35308 36.6484 1391768 38.8192
5.38871 36.0677 1420448 38.2041
5.42459 35.7798 1448858 37.8992
5.46071 35.3374 1477952 37.4305
5.49705 34.813 1506308 36.8751
5.53363 34.3931 1538144 36.4303
5.57046 34.0109 1567562 36.0255
5.60749 33.537 1596704 35.5235
5.64482 33.1772 1635572 35.1424
5.68244 32.7127 1666520 34.6504
5.72029 32.3281 1699304 34.243
5.7584 31.8837 1734278 33.7723
5.79671 31.5291 1764392 33.3967
5.83528 31.1297 1804904 32.9736
5.87416 30.691 1841024 32.5089
5.91325 30.2997 1873820 32.0944
5.95258 29.9348 1913600 31.7079
5.99221 29.498 1952864 31.2452
6.03213 29.1846 1994966 30.9133
6.07232 28.812 2032160 30.5186
6.11272 28.3919 2070124 30.0737
6.15341 28.0952 2117456 29.7594
6.1944 27.7235 2156600 29.3657
6.23563 27.3646 2200316 28.9855
6.27716 26.9944 2247272 28.5934
6.31895 26.6639 2287460 28.2433
6.36099 26.3359 2335424 27.8959
6.40334 25.9823 2383216 27.5213
6.44597 25.6051 2430548 27.1218
6.48883 25.3178 2474288 26.8175
6.53202 24.9567 2533724 26.435
6.57553 24.7012 2578544 26.1644
6.61931 24.3881 2634154 25.8327
6.66339 24.0505 2685200 25.4751
6.70776 23.7641 2740268 25.1717
6.7524 23.4203 2791568 24.8075
6.79737 23.1116 2854940 24.4806
6.84263 22.8541 2904208 24.2078
6.88816 22.528 2965964 23.8624
6.93399 22.2509 3022550 23.5689
6.98015 21.9376 3089068 23.237
7.02663 21.6549 3148604 22.9376
7.0734 21.3412 3210680 22.6053
7.12047 21.0876 3275210 22.3367
7.16789 20.7942 3346312 22.0259
7.21564 20.5332 3408932 21.7494
7.26365 20.2659 3475196 21.4663
7.312 20.0179 3550342 21.2036
7.36069 19.767 3618788 20.9378
7.40968 19.5297 3690872 20.6865
7.459 19.2929 3765538 20.4357
7.50862 19.0331 3838964 20.1605
7.5586 18.7767 3920362 19.8889
7.60894 18.5416 4000832 19.6398
7.65961 18.2698 4077428 19.352
7.7106 18.0439 4160626 19.1127
7.76192 17.8338 4243208 18.8901
7.81363 17.5822 4335538 18.6236
7.86566 17.3786 4413500 18.4079
7.91801 17.1394 4505450 18.1547
7.97072 16.9266 4596040 17.9292
8.02376 16.7131 4684418 17.7031
8.07717 16.4816 4784836 17.4578
8.13095 16.3032 4877354 17.2689
8.18507 16.0915 4975786 17.0446
8.23956 15.899 5078756 16.8408
8.29442 15.6903 5177662 16.6197
8.34962 15.4996 5280932 16.4177
8.40521 15.3022 5391274 16.2086
8.46119 15.1187 5500906 16.0142
8.51752 14.9325 5604530 15.817
8.57417 14.7373 5715700 15.6102
8.63126 14.5643 5842058 15.427
8.68876 14.3945 5955226 15.2471
8.74657 14.2099 6063770 15.0516
8.80479 14.0476 6202156 14.8796
8.86345 13.8937 6320530 14.7167
8.92244 13.7388 6442874 14.5526
8.98183 13.5772 6578986 14.3814
9.04164 13.4326 6707818 14.2282
9.10181 13.2876 6838082 14.0747
9.1624 13.1423 6987316 13.9207
9.22341 13.0002 7117018 13.7702
9.28477 12.8741 7259306 13.6367
9.34659 12.7288 7415650 13.4828
9.40883 12.6058 7558810 13.3525
9.47148 12.4804 7716338 13.2197
9.53453 12.3531 7860058 13.0848
9.59797 12.2518 8022286 12.9776
9.66188 12.1429 8191498 12.8622
9.72619 12.0365 8341402 12.7495
9.79093 11.9461 8524784 12.6537
9.85612 11.8529 8686018 12.555
9.92173 11.7535 8865142 12.4497
9.98778 11.6889 9040714 12.3813
10.0543 11.6174 9225754 12.3056
10.1212 11.5427 9409058 12.2264
10.1886 11.4813 9599212 12.1614
10.2564 11.4359 9792874 12.1132
10.3247 11.3875 9989362 12.062
10.3934 11.3487 10185502 12.0209
10.4626 11.3202 10394392 11.9907
10.5323 11.2866 10607554 11.9552
10.6024 11.2809 10813990 11.9491
10.6729 11.29 11029240 11.9587
10.7439 11.2558 11191111 11.9225
10.8154 11.142 11185948 11.802
10.8874 11.0183 11191384 11.671
10.9599 10.9091 11166280 11.5553
11.0329 10.7985 11162812 11.4381
11.1063 10.6883 11148064 11.3214
11.1802 10.5705 11122480 11.1966
11.2546 10.475 11104984 11.0955
11.3296 10.3698 11085376 10.9841
11.405 10.2618 11049712 10.8696
11.4809 10.1708 11013328 10.7733
11.5573 10.0778 10970140 10.6747
11.6343 9.98852 10943872 10.5802
11.7117 9.89914 10885456 10.4855
11.7897 9.81236 10833720 10.3936
11.8682 9.72685 10777816 10.303
11.9472 9.64857 10724320 10.2201
12.0267 9.57163 10657576 10.1386
12.1068 9.4963 10579924 10.0588
12.1874 9.4162 10508784 9.97395
12.2685 9.35376 10422700 9.90781
12.3502 9.28886 10345720 9.83907
12.4324 9.22608 10248148 9.77257
12.5151 9.17597 10144776 9.71949
12.5985 9.11702 10050904 9.65705
12.6823 9.07161 9924772 9.60895
12.7667 9.01021 9816636 9.54391
12.8517 8.96901 9692764 9.50028
12.9373 8.93589 9567688 9.46519
13.0234 8.90006 9424104 9.42724
13.1101 8.87262 9278716 9.39817
13.1973 8.85493 9127788 9.37944
13.2852 8.83716 8968792 9.36061
13.3736 8.81042 8801068 9.33229
13.4626 8.81373 8626764 9.3358
13.5522 8.80836 8444740 9.33011
13.6424 8.81436 8248812 9.33646
13.7332 8.81428 8050900 9.33638
13.8247 8.84323 7840044 9.36704
13.9167 8.8634 7621816 9.3884
14.0093 8.89156 7391184 9.41823
14.1025 8.92563 7158996 9.45432
14.1964 8.97552 6904924 9.50717
14.2909 9.03139 6649248 9.56635
14.386 9.08881 6384676 9.62717
14.4818 9.15668 6098844 9.69906
14.5781 9.19779 5811012 9.74261
14.6751 9.24459 5508112 9.79218
14.7727 9.28986 5195916 9.84013
14.8711 9.33056 4872228 9.88323
14.97 9.32651 4531392 9.87895
15.0695 9.29353 4181068 9.84401
15.1698 9.17932 3827115 9.72304
15.2709 9.08706 3511752 9.62531
15.3726 9.05703 3240696 9.59351
15.4749 9.05875 2990682 9.59533
15.5779 9.07504 2763190 9.61258
15.6816 9.08484 2544444 9.62296
15.786 9.10021 2340936 9.63924
15.8911 9.16023 2149530 9.70282
15.9968 9.21433 1967724 9.76012
16.1033 9.29464 1794918 9.84519
16.2104 9.39041 1632468 9.94664
16.3183 9.51302 1477728 10.0765
16.4269 9.62382 1333008 10.1939
16.5362 9.7815 1194306 10.3609
16.6462 10.0007 1064754 10.5931
16.757 10.2098 941964 10.8145
16.8685 10.476 826020 11.0965
16.9806 10.7524 718284 11.3893
17.0936 10.9732 619944 11.6232
17.2072 11.3852 524820 12.0595
17.3216 11.7205 441182 12.4147
17.4366 12.1605 360702 12.8808
17.5525 12.6409 292782 13.3896
17.6693 13.3042 228006 14.0923
17.7861 13.937 171158 14.7626
17.9035 14.5557 124494 15.4179
18.0221 15.6315 84168 16.5574
18.1408 16.657 51006 17.6437
18.2586 17.7501 26360 18.8015
18.374 18.3981 9960 19.4879
18.4789 17.9048 1561 18.9654
