# in Mpc/h Units 
# D1 = 0.0169637 
# k P N P(z=0)
0.020944 6.21671 6 21603.4
0.0296192 4.93264 12 17141.2
0.036276 4.041 8 14042.7
0.0418879 3.47813 6 12086.7
0.0468321 3.13217 24 10884.4
0.051302 2.91375 24 10125.4
0.0592384 2.64804 12 9202.09
0.0628319 2.54141 30 8831.54
0.0662306 2.42939 24 8442.24
0.0694632 2.31875 24 8057.77
0.072552 2.20589 8 7665.58
0.0755145 2.07512 24 7211.14
0.0783651 1.96201 48 6818.09
0.0837758 1.75203 6 6088.38
0.0863541 1.6387 48 5694.58
0.0888577 1.54583 36 5371.84
0.0912926 1.46858 24 5103.41
0.0936642 1.40395 24 4878.8
0.0959772 1.33538 48 4640.53
0.0982358 1.28245 24 4456.57
0.102604 1.20497 24 4187.34
0.10472 1.17031 30 4066.9
0.106794 1.14293 72 3971.74
0.108828 1.11676 32 3880.79
0.112787 1.08901 72 3784.35
0.114715 1.07325 48 3729.6
0.118477 1.04719 12 3639.04
0.120314 1.03457 48 3595.18
0.122123 1.01705 48 3534.29
0.123906 0.998866 48 3471.11
0.125664 0.981015 30 3409.08
0.127397 0.964399 24 3351.34
0.129107 0.943508 72 3278.74
0.132461 0.899439 24 3125.6
0.134107 0.889444 96 3090.86
0.135732 0.869414 48 3021.26
0.137339 0.848816 24 2949.68
0.138926 0.829709 24 2883.28
0.140496 0.804294 72 2794.96
0.142049 0.783819 48 2723.81
0.145104 0.734057 8 2550.89
0.146608 0.727973 54 2529.74
0.148096 0.710712 84 2469.76
0.14957 0.694541 48 2413.57
0.151029 0.677877 24 2355.66
0.152474 0.667275 72 2318.81
0.153906 0.650839 96 2261.7
0.15673 0.628542 48 2184.22
0.158123 0.614555 48 2135.61
0.159504 0.604347 24 2100.14
0.160874 0.594921 72 2067.38
0.163577 0.582921 72 2025.68
0.164913 0.573084 96 1991.5
0.167552 0.554232 6 1925.99
0.168856 0.555919 96 1931.85
0.170149 0.552131 96 1918.68
0.171434 0.548032 24 1904.44
0.172708 0.543405 48 1888.36
0.173974 0.534395 96 1857.05
0.17523 0.532574 48 1850.72
0.177715 0.530731 36 1844.32
0.178945 0.520238 48 1807.85
0.180167 0.520956 120 1810.35
0.18138 0.517961 56 1799.94
0.182585 0.511442 24 1777.29
0.183782 0.507789 96 1764.59
0.184972 0.502012 48 1744.52
0.187328 0.491009 24 1706.28
0.188496 0.493488 102 1714.9
0.190347 0.480422 120 1669.49
0.191954 0.475064 48 1650.87
0.193094 0.465976 48 1619.29
0.194226 0.462764 120 1608.13
0.196472 0.454329 24 1578.82
0.197585 0.449057 144 1560.5
0.199006 0.443112 168 1539.84
0.201976 0.42807 48 1487.56
0.203059 0.418654 96 1454.84
0.205208 0.407663 24 1416.65
0.206274 0.404958 48 1407.25
0.207335 0.398573 108 1385.06
0.20839 0.395376 72 1373.95
0.210326 0.386669 198 1343.69
0.211524 0.383091 48 1331.26
0.213587 0.369944 72 1285.57
0.214612 0.36486 96 1267.91
0.215631 0.364352 72 1266.14
0.216957 0.357036 104 1240.72
0.218661 0.351477 72 1221.4
0.219662 0.350688 144 1218.66
0.223129 0.338245 192 1175.42
0.224599 0.333165 48 1157.77
0.22618 0.331798 192 1153.02
0.22751 0.329277 72 1144.25
0.229429 0.319051 48 1108.72
0.230383 0.322917 78 1122.15
0.231604 0.320049 168 1112.19
0.23416 0.313864 144 1090.69
0.235095 0.311491 144 1082.45
0.236954 0.30899 12 1073.76
0.238108 0.30819 192 1070.98
0.239975 0.305115 168 1060.29
0.241537 0.300536 48 1044.38
0.242444 0.297607 168 1034.2
0.244844 0.295299 144 1026.18
0.246417 0.291903 168 1014.38
0.248401 0.289519 144 1006.09
0.249576 0.286417 48 995.315
0.251327 0.281982 30 979.901
0.252777 0.279473 288 971.182
0.254191 0.278317 80 967.164
0.25601 0.275399 288 957.024
0.258214 0.267145 72 928.343
0.2594 0.265061 240 921.101
0.26075 0.259568 96 902.013
0.262904 0.258118 168 896.973
0.265657 0.250284 216 869.75
0.266722 0.248289 132 862.817
0.268622 0.244542 192 849.796
0.269844 0.24347 120 846.072
0.271964 0.238421 126 828.524
0.273543 0.234874 288 816.2
0.275842 0.229356 312 797.023
0.277853 0.230829 24 802.141
0.279641 0.22444 264 779.941
0.28148 0.223242 192 775.779
0.282936 0.218224 192 758.339
0.285198 0.216504 336 752.362
0.286404 0.214048 48 743.827
0.288084 0.210614 240 731.893
0.291553 0.206344 296 717.056
0.292736 0.207314 150 720.427
0.294335 0.203244 240 706.285
0.296659 0.199744 228 694.121
0.298323 0.198189 216 688.718
0.300394 0.195833 336 680.529
0.302928 0.19287 360 670.233
0.304588 0.192275 144 668.164
0.305974 0.190833 168 663.156
0.308578 0.187972 312 653.213
0.310884 0.184638 288 641.628
0.312408 0.182339 192 633.639
0.314799 0.180941 366 628.78
0.317265 0.179525 408 623.859
0.319597 0.174904 168 607.802
0.320771 0.172987 336 601.139
0.3227 0.171763 240 596.887
0.32574 0.168815 380 586.639
0.32795 0.166103 384 577.217
0.330224 0.163744 240 569.019
0.331726 0.162249 360 563.822
0.333831 0.15993 198 555.763
0.336246 0.156837 384 545.016
0.338319 0.154259 384 536.056
0.341157 0.15197 432 528.104
0.343593 0.149109 528 518.161
0.346262 0.146192 288 508.024
0.347842 0.14545 288 505.446
0.350326 0.144297 456 501.438
0.352828 0.140676 360 488.855
0.354442 0.139448 180 484.588
0.356776 0.138417 486 481.005
0.359142 0.136315 504 473.701
0.361681 0.135095 512 469.461
0.363857 0.133918 264 465.373
0.366441 0.13111 600 455.615
0.368657 0.130792 288 454.508
0.371486 0.129235 672 449.099
0.374587 0.125307 408 435.448
0.376839 0.124975 462 434.293
0.379079 0.124094 600 431.234
0.38178 0.121241 504 421.318
0.384712 0.119221 324 414.299
0.386663 0.117585 744 408.615
0.389313 0.116675 456 405.452
0.39167 0.115385 432 400.967
0.394428 0.113836 720 395.587
0.397811 0.111039 534 385.866
0.400019 0.110476 536 383.911
0.402781 0.109128 624 379.227
0.405015 0.107169 600 372.417
0.40766 0.105822 696 367.737
0.410865 0.103544 456 359.82
0.413244 0.102786 732 357.188
0.416084 0.101072 600 351.231
0.418986 0.100472 702 349.145
0.421544 0.0987452 672 343.144
0.424534 0.0973393 768 338.259
0.42751 0.0952193 768 330.892
0.430034 0.094696 408 329.073
0.432751 0.0938274 1080 326.055
0.436344 0.0923164 632 320.804
0.438896 0.0908046 750 315.551
0.44171 0.089544 696 311.17
0.444585 0.087763 876 304.981
0.447784 0.0869353 864 302.104
0.45034 0.0856768 768 297.731
0.453413 0.0842465 888 292.761
0.456575 0.0828164 816 287.791
0.459787 0.0822077 654 285.676
0.462622 0.0804843 1296 279.687
0.465862 0.0799785 816 277.929
0.468802 0.0789219 816 274.258
0.471915 0.0776999 1088 270.011
0.475472 0.0765155 1020 265.895
0.478779 0.0755212 1032 262.44
0.481919 0.0745624 942 259.108
0.484939 0.0730981 1032 254.02
0.488502 0.0727323 1128 252.748
0.491034 0.0712889 888 247.733
0.494348 0.0702774 1176 244.217
0.497688 0.0693562 960 241.016
0.500527 0.0687173 1110 238.796
0.504331 0.0677644 1116 235.485
0.507364 0.066654 1352 231.626
0.510774 0.0656011 1200 227.967
0.514275 0.0647613 1224 225.049
0.517978 0.0635508 1320 220.842
0.521294 0.0627904 1128 218.2
0.524822 0.0615937 1518 214.041
0.527973 0.0613967 1080 213.357
0.531698 0.05986 1524 208.017
0.535226 0.0593729 1416 206.324
0.539103 0.0585345 1704 203.41
0.543 0.0576493 1088 200.334
0.546011 0.0567988 1446 197.379
0.549827 0.0558557 1800 194.101
0.55369 0.0552267 1512 191.916
0.557166 0.05413 1392 188.105
0.560475 0.0540544 1392 187.842
0.564609 0.0529631 1962 184.049
0.56859 0.0520306 1776 180.809
0.572441 0.051569 1680 179.205
0.5763 0.0506089 1776 175.869
0.580121 0.0496003 1544 172.364
0.583625 0.0492095 1896 171.006
0.587525 0.0484887 1662 168.501
0.591428 0.0479314 1908 166.564
0.595301 0.0469954 2184 163.311
0.599624 0.0463457 1848 161.054
0.603294 0.0458175 1848 159.218
0.60771 0.0450974 2238 156.716
0.611568 0.0443837 2088 154.235
0.615779 0.0436433 2192 151.663
0.619303 0.0430715 1536 149.676
0.623194 0.0426516 2412 148.217
0.627636 0.0419211 2262 145.678
0.631826 0.0413067 2448 143.543
0.635971 0.0407319 2040 141.546
0.64039 0.0402438 2976 139.849
0.644956 0.0395755 2184 137.527
0.649302 0.0388448 2550 134.988
0.653461 0.0383493 2396 133.266
0.657644 0.0379001 2760 131.705
0.662026 0.0373733 2424 129.874
0.666685 0.0367055 2832 127.553
0.670916 0.0361957 2574 125.782
0.675462 0.0355989 3024 123.708
0.679703 0.0351888 2484 122.283
0.684292 0.0345323 3168 120.002
0.688927 0.0340528 2894 118.335
0.693468 0.0335061 2856 116.435
0.698026 0.0331559 3384 115.218
0.702952 0.0326694 3240 113.528
0.707372 0.0320587 2856 111.406
0.712317 0.0316679 3474 110.048
0.716936 0.0312777 3432 108.691
0.721869 0.0307332 3552 106.799
0.726964 0.030219 3560 105.013
0.73163 0.029575 3270 102.775
0.736224 0.0294395 3552 102.304
0.74119 0.0289929 3780 100.752
0.746118 0.0286648 3960 99.6115
0.751313 0.0279674 3696 97.1881
0.756133 0.0278402 3726 96.746
0.761156 0.0272178 4376 94.5832
0.766095 0.0268924 3648 93.4525
0.771205 0.0264908 4332 92.0569
0.776456 0.0261601 4254 90.9076
0.781432 0.0257617 4296 89.5231
0.786733 0.0253138 4320 87.9667
0.791574 0.0249466 4368 86.6905
0.797255 0.0246592 4826 85.6919
0.802676 0.0241985 5016 84.0909
0.808005 0.0237399 4608 82.4972
0.813482 0.0234545 4824 81.5054
0.818759 0.0231979 4950 80.6138
0.824173 0.0228383 5232 79.3641
0.829708 0.0223665 4980 77.7247
0.834919 0.0221897 4838 77.1103
0.840568 0.0218852 6024 76.0521
0.846479 0.0214864 5520 74.6662
0.851948 0.0210983 5400 73.3178
0.857592 0.020763 5538 72.1523
0.863369 0.0205149 6456 71.2904
0.869182 0.020189 5504 70.1577
0.874831 0.0199773 6168 69.4221
0.880682 0.0195691 5910 68.0038
0.886294 0.0192779 6372 66.9916
0.892352 0.0189636 6768 65.8996
0.898399 0.0187301 6294 65.0881
0.904229 0.0185228 6656 64.3677
0.910231 0.0181644 7224 63.122
0.916513 0.0179176 6708 62.2645
0.922651 0.0175588 7566 61.0177
0.92895 0.0173739 7416 60.3753
0.935092 0.0171237 6984 59.5057
0.940995 0.0168856 7310 58.6782
0.947406 0.0166122 8148 57.7282
0.953652 0.0163362 7632 56.769
0.960017 0.0160452 8088 55.7579
0.966595 0.0157936 8478 54.8837
0.972908 0.0156119 8112 54.2521
0.979222 0.0153171 8108 53.2276
0.985855 0.0151533 9510 52.6583
0.992666 0.0148919 8472 51.7501
0.998881 0.0146537 8832 50.9224
1.00551 0.0144441 8898 50.1941
1.01216 0.0142892 10008 49.6556
1.01908 0.0139755 9392 48.5657
1.02599 0.0137991 10206 47.9525
1.03271 0.0136295 9528 47.3632
1.03948 0.0133723 10236 46.4694
1.04641 0.0132326 10398 45.9838
1.05346 0.0129621 10784 45.0439
1.06036 0.012771 10584 44.3798
1.0676 0.012605 11346 43.8029
1.07471 0.0123931 11400 43.0668
1.08175 0.0121706 11016 42.2936
1.08895 0.0120372 11870 41.83
1.09637 0.0118572 12516 41.2044
1.10369 0.0116488 11880 40.4801
1.11092 0.0114809 11886 39.8967
1.1181 0.0113154 13104 39.3217
1.12573 0.0111711 12764 38.8201
1.1332 0.0109922 13446 38.1985
1.14081 0.0108251 13464 37.6178
1.14829 0.0106192 13398 36.9023
1.15605 0.0104419 14628 36.286
1.16374 0.0103415 14024 35.9374
1.1717 0.0101805 15054 35.3777
1.17935 0.00998926 14496 34.7132
1.18713 0.00981289 15012 34.1003
1.195 0.00967477 15422 33.6203
1.20281 0.00950288 15624 33.023
1.21088 0.00942572 16146 32.7548
1.21904 0.00923282 17064 32.0845
1.22715 0.00911489 16152 31.6747
1.23533 0.0089637 17510 31.1493
1.24354 0.0088061 17172 30.6017
1.25174 0.00866738 17880 30.1196
1.26013 0.00855648 18030 29.7342
1.26845 0.00841332 18680 29.2367
1.27706 0.00831466 19170 28.8939
1.28545 0.00816627 18720 28.3782
1.29387 0.00804747 19536 27.9654
1.3027 0.00792143 20954 27.5274
1.31143 0.00779409 20328 27.0848
1.3202 0.00767858 20718 26.6835
1.32891 0.00752844 21348 26.1617
1.33775 0.00737223 21534 25.6189
1.34663 0.00734515 22256 25.5248
1.35548 0.00717898 22104 24.9473
1.3645 0.00708685 23178 24.6272
1.37362 0.00699049 23880 24.2923
1.38289 0.00686127 24230 23.8432
1.39214 0.00674164 24468 23.4275
1.40146 0.00666552 25230 23.163
1.41076 0.00655621 25328 22.7832
1.42016 0.00646061 25818 22.451
1.42955 0.00634128 26616 22.0363
1.43897 0.00628262 26376 21.8324
1.44856 0.00614069 28034 21.3392
1.45815 0.00606412 27816 21.0731
1.46783 0.00596108 28398 20.715
1.47755 0.0058737 29652 20.4114
1.48753 0.00579283 30134 20.1304
1.4975 0.0056848 30792 19.755
1.50759 0.00560668 31218 19.4835
1.51744 0.00550432 30912 19.1278
1.52762 0.00542139 33158 18.8396
1.53782 0.00535181 32772 18.5978
1.54798 0.00526507 33150 18.2964
1.55817 0.00518384 34256 18.0141
1.56867 0.00511302 35562 17.768
1.579 0.00501615 34992 17.4314
1.58955 0.00491874 37158 17.0929
1.60018 0.00484789 36956 16.8467
1.61084 0.00477181 37950 16.5823
1.62148 0.00471498 38496 16.3848
1.63242 0.00462862 40274 16.0847
1.64322 0.00455043 39264 15.813
1.65411 0.00448128 41466 15.5727
1.66512 0.00439836 41960 15.2845
1.67627 0.00433802 42702 15.0748
1.68736 0.00429127 43356 14.9124
1.69863 0.00419706 44886 14.585
1.70994 0.00415495 45248 14.4387
1.72135 0.00408369 46362 14.191
1.73279 0.00401424 46974 13.9497
1.74428 0.0039559 48236 13.7469
1.75588 0.00389017 48774 13.5185
1.76756 0.00383645 50616 13.3319
1.77941 0.00377553 51050 13.1202
1.79124 0.00371278 52272 12.9021
1.80325 0.00364665 53658 12.6723
1.81507 0.0036008 52640 12.513
1.82722 0.00352659 57366 12.2551
1.83948 0.00349107 55170 12.1316
1.85166 0.00343155 58544 11.9248
1.86408 0.00337827 58506 11.7397
1.87633 0.00332257 58968 11.5461
1.88886 0.00326721 62366 11.3537
1.90144 0.00321504 61266 11.1724
1.914 0.00317399 63960 11.0298
1.92679 0.00311928 64730 10.8397
1.93957 0.00306765 66360 10.6603
1.95256 0.00302069 67778 10.4971
1.96563 0.00297058 69558 10.3229
1.97869 0.00292711 69660 10.1719
1.99179 0.00287566 71390 9.99308
2.00509 0.00282949 73974 9.83262
2.01846 0.00278365 74196 9.67331
2.03193 0.00274656 76622 9.54443
2.04528 0.00269833 75516 9.37685
2.05892 0.00265692 81510 9.23295
2.07279 0.00261402 80138 9.08387
2.0865 0.00257473 82368 8.94732
2.10039 0.00254111 84098 8.83049
2.11443 0.00248384 86286 8.63146
2.12845 0.00245498 86700 8.5312
2.14263 0.00241382 90014 8.38814
2.15695 0.00237346 90930 8.2479
2.17119 0.00233355 91694 8.1092
2.18567 0.00230146 96228 7.9977
2.20036 0.00227201 97014 7.89535
2.21494 0.00222296 97370 7.72492
2.22958 0.00218788 100656 7.603
2.24445 0.00215709 102530 7.496
2.25936 0.00212637 104454 7.38924
2.27439 0.00209309 107196 7.27359
2.28969 0.00205865 110414 7.15391
2.30493 0.00202567 109578 7.03932
2.32027 0.00198942 114974 6.91332
2.33573 0.00195795 114396 6.80396
2.35122 0.00193493 118190 6.72398
2.3669 0.00190025 120498 6.60348
2.38266 0.00186801 122718 6.49144
2.39847 0.00183986 124604 6.39362
2.41442 0.00180357 127950 6.26751
2.43055 0.00177971 130826 6.18457
2.44673 0.00175669 132510 6.10459
2.4629 0.00172501 134180 5.99451
2.47932 0.00169747 140214 5.8988
2.4959 0.0016695 140018 5.80158
2.51254 0.00164271 145650 5.70851
2.52927 0.00161854 145350 5.6245
2.54604 0.00159135 150188 5.53003
2.56299 0.00156764 152214 5.44763
2.58009 0.00154291 157226 5.36167
2.5973 0.0015176 158118 5.27374
2.61455 0.00149084 162338 5.18076
2.63195 0.00146827 165378 5.10231
2.64948 0.00144755 169256 5.03031
2.66707 0.00142593 170682 4.95518
2.68485 0.00140194 177566 4.87183
2.70286 0.00137936 179610 4.79334
2.72085 0.00135679 182690 4.71493
2.73892 0.0013353 185694 4.64023
2.75712 0.00131663 190346 4.57536
2.77543 0.00129499 192852 4.50016
2.79389 0.00127449 198806 4.42891
2.81251 0.00125523 201378 4.36198
2.83127 0.00123385 207446 4.28771
2.85007 0.00121064 207258 4.20702
2.86897 0.0011946 215762 4.15131
2.88818 0.00117626 219702 4.08757
2.90739 0.00115563 221522 4.01589
2.92669 0.00113905 227754 3.95827
2.94616 0.00112273 231710 3.90155
2.96573 0.00110407 235994 3.83672
2.98548 0.00108839 242346 3.78219
3.00539 0.00106895 246704 3.71465
3.02539 0.00105047 250410 3.65044
3.04557 0.0010383 258410 3.60814
3.06592 0.00101602 261414 3.53071
3.0863 0.00100377 265874 3.48814
3.10684 0.000988829 273450 3.43623
3.12756 0.000972222 276974 3.37852
3.1484 0.000956364 284402 3.32341
3.16935 0.000945444 287754 3.28547
3.19042 0.000928558 295010 3.22679
3.21172 0.000912575 302142 3.17125
3.2331 0.000901037 304946 3.13115
3.25451 0.000885036 311642 3.07554
3.27615 0.000872016 319326 3.0303
3.2979 0.000857171 323618 2.97871
3.31984 0.000845738 333744 2.93898
3.34198 0.000832211 337970 2.89197
3.3643 0.000816583 348758 2.83767
3.38673 0.00080562 350346 2.79957
3.40918 0.000794416 358778 2.76064
3.43196 0.000783784 370578 2.72369
3.45493 0.000768735 374258 2.67139
3.47788 0.000757246 380558 2.63147
3.50098 0.000746214 388434 2.59313
3.52428 0.000735475 398522 2.55581
3.54776 0.000724076 404042 2.5162
3.5713 0.000712264 412164 2.47515
3.59506 0.000701304 422258 2.43707
3.61902 0.000692222 430754 2.40551
3.64313 0.000679909 438906 2.36272
3.66736 0.000670513 446738 2.33007
3.69182 0.000661115 459098 2.29741
3.71639 0.000648819 463380 2.25468
3.7411 0.000641603 476138 2.2296
3.76602 0.000633661 484322 2.202
3.7911 0.000622969 495738 2.16485
3.81637 0.000613637 504266 2.13242
3.8418 0.000606003 515696 2.10589
3.8673 0.000596242 520974 2.07197
3.89298 0.000585124 536882 2.03334
3.91895 0.000578265 546818 2.0095
3.94503 0.000569881 556178 1.98036
3.97125 0.00056114 567672 1.94999
3.99772 0.000553243 582314 1.92255
4.02443 0.000546417 593138 1.89883
4.05121 0.000538281 600920 1.87055
4.07809 0.000529208 614274 1.83902
4.10526 0.000522588 630050 1.81602
4.13259 0.000515846 638678 1.79259
4.16008 0.000507708 653984 1.76431
4.18785 0.00050089 669618 1.74062
4.21573 0.000494697 676922 1.7191
4.24371 0.000488151 692552 1.69635
4.27197 0.000481693 709178 1.67391
4.30044 0.000473606 721416 1.64581
4.32905 0.0004682 735698 1.62702
4.35788 0.000462084 752546 1.60576
4.38688 0.000456533 763760 1.58648
4.41605 0.000450876 782498 1.56682
4.44546 0.000444905 797178 1.54607
4.47509 0.00043957 814976 1.52753
4.50493 0.000433435 831266 1.50621
4.53494 0.000428656 845696 1.4896
4.56506 0.000423376 860234 1.47125
4.59545 0.000417562 883928 1.45105
4.62609 0.000413758 898338 1.43783
4.65691 0.000408159 917576 1.41837
4.68789 0.000404443 933194 1.40546
4.71906 0.000399286 952736 1.38754
4.75048 0.000395464 974522 1.37426
4.78209 0.000390901 990032 1.3584
4.8139 0.000386871 1013438 1.34439
4.84595 0.00038246 1031168 1.32907
4.87821 0.000378641 1055610 1.3158
4.91071 0.000374839 1074440 1.30259
4.94338 0.000371865 1095146 1.29225
4.97629 0.00036804 1119584 1.27896
5.00945 0.000364314 1141922 1.26601
5.04276 0.00036189 1160216 1.25758
5.07626 0.000358187 1185992 1.24472
5.1101 0.000355678 1215422 1.236
5.14418 0.000352532 1235072 1.22507
5.1784 0.000350303 1259024 1.21732
5.21287 0.00034802 1286210 1.20939
5.24757 0.000345625 1310960 1.20106
5.2825 0.000344023 1338056 1.1955
5.31768 0.000341366 1364966 1.18626
5.35308 0.000339761 1391768 1.18069
5.38871 0.000337774 1420448 1.17378
5.42459 0.000336278 1448858 1.16858
5.46071 0.000335043 1477952 1.16429
5.49705 0.000333932 1506308 1.16043
5.53363 0.000332235 1538144 1.15453
5.57046 0.000331975 1567562 1.15363
5.60749 0.000331493 1596704 1.15195
5.64482 0.000331333 1635572 1.1514
5.68244 0.000330705 1666520 1.14922
5.72029 0.000330247 1699304 1.14762
5.7584 0.000331016 1734278 1.1503
5.79671 0.000331461 1764392 1.15184
5.83528 0.000332099 1804904 1.15406
5.87416 0.000333237 1841024 1.15801
5.91325 0.000334279 1873820 1.16164
5.95258 0.000335342 1913600 1.16533
5.99221 0.000336568 1952864 1.16959
6.03213 0.000339475 1994966 1.17969
6.07232 0.000341687 2032160 1.18738
6.11272 0.000344119 2070124 1.19583
6.15341 0.000346534 2117456 1.20422
6.1944 0.000349716 2156600 1.21528
6.23563 0.00035376 2200316 1.22933
6.27716 0.000356775 2247272 1.23981
6.31895 0.000361582 2287460 1.25652
6.36099 0.000366055 2335424 1.27206
6.40334 0.000371017 2383216 1.2893
6.44597 0.000376171 2430548 1.30721
6.48883 0.000382401 2474288 1.32886
6.53202 0.00038869 2533724 1.35072
6.57553 0.00039529 2578544 1.37365
6.61931 0.00040409 2634154 1.40423
6.66339 0.000412368 2685200 1.433
6.70776 0.000421158 2740268 1.46355
6.7524 0.000430197 2791568 1.49496
6.79737 0.000440916 2854940 1.5322
6.84263 0.000451795 2904208 1.57001
6.88816 0.000461977 2965964 1.60539
6.93399 0.000476947 3022550 1.65742
6.98015 0.0004907 3089068 1.70521
7.02663 0.000505378 3148604 1.75622
7.0734 0.00052044 3210680 1.80856
7.12047 0.000537096 3275210 1.86643
7.16789 0.000557789 3346312 1.93834
7.21564 0.000574553 3408932 1.9966
7.26365 0.00059527 3475196 2.06859
7.312 0.000620535 3550342 2.15639
7.36069 0.000643999 3618788 2.23793
7.40968 0.000665317 3690872 2.31201
7.459 0.000700466 3765538 2.43416
7.50862 0.00072756 3838964 2.52831
7.5586 0.000758432 3920362 2.63559
7.60894 0.000800014 4000832 2.78009
7.65961 0.000832522 4077428 2.89306
7.7106 0.000877994 4160626 3.05107
7.76192 0.000919071 4243208 3.19382
7.81363 0.000970376 4335538 3.37211
7.86566 0.00101994 4413500 3.54435
7.91801 0.00108367 4505450 3.7658
7.97072 0.00114001 4596040 3.9616
8.02376 0.00121268 4684418 4.21411
8.07717 0.00127794 4784836 4.4409
8.13095 0.00136949 4877354 4.75904
8.18507 0.00144764 4975786 5.03062
8.23956 0.00155229 5078756 5.3943
8.29442 0.00165581 5177662 5.75401
8.34962 0.00175556 5280932 6.10067
8.40521 0.00191517 5391274 6.65532
8.46119 0.00204185 5500906 7.09555
8.51752 0.00217965 5604530 7.5744
8.57417 0.00239224 5715700 8.31317
8.63126 0.00257368 5842058 8.94366
8.68876 0.00277966 5955226 9.65945
8.74657 0.00300798 6063770 10.4529
8.80479 0.00333054 6202156 11.5738
8.86345 0.00361641 6320530 12.5672
8.92244 0.00395632 6442874 13.7484
8.98183 0.00434346 6578986 15.0937
9.04164 0.00476283 6707818 16.5511
9.10181 0.00524529 6838082 18.2276
9.1624 0.00590338 6987316 20.5146
9.22341 0.0066143 7117018 22.985
9.28477 0.00740798 7259306 25.7431
9.34659 0.00826493 7415650 28.721
9.40883 0.00938782 7558810 32.6232
9.47148 0.0106512 7716338 37.0134
9.53453 0.0121575 7860058 42.2478
9.59797 0.0139629 8022286 48.5217
9.66188 0.0161393 8191498 56.0848
9.72619 0.0188523 8341402 65.5126
9.79093 0.0222512 8524784 77.3239
9.85612 0.0272478 8686018 94.6876
9.92173 0.033152 8865142 115.205
9.98778 0.0398417 9040714 138.452
10.0543 0.0482626 9225754 167.715
10.1212 0.0593628 9409058 206.289
10.1886 0.0820251 9599212 285.041
10.2564 0.112477 9792874 390.862
10.3247 0.143695 9989362 499.347
10.3934 0.194074 10185502 674.417
10.4626 0.376549 10394392 1308.53
10.5323 0.495699 10607554 1722.58
10.6024 0.87167 10813990 3029.1
10.6729 2.13346 11029240 7413.88
10.7439 11.8039 11191111 41019.3
10.8154 0.00202231 11185948 7.02763
10.8874 0.00151199 11191384 5.25424
10.9599 0.00134857 11166280 4.68634
11.0329 0.00128435 11162812 4.46318
11.1063 0.00126521 11148064 4.39667
11.1802 0.00127286 11122480 4.42324
11.2546 0.00129969 11104984 4.51649
11.3296 0.00134255 11085376 4.66542
11.405 0.00140215 11049712 4.87256
11.4809 0.00147327 11013328 5.1197
11.5573 0.00155994 10970140 5.42088
11.6343 0.00166652 10943872 5.79124
11.7117 0.00178777 10885456 6.21259
11.7897 0.00192697 10833720 6.69631
11.8682 0.00208991 10777816 7.26256
11.9472 0.00227766 10724320 7.91498
12.0267 0.00249311 10657576 8.66368
12.1068 0.00274457 10579924 9.53751
12.1874 0.00303441 10508784 10.5447
12.2685 0.00336502 10422700 11.6936
12.3502 0.00376116 10345720 13.0702
12.4324 0.0042108 10248148 14.6327
12.5151 0.00474425 10144776 16.4865
12.5985 0.00538413 10050904 18.7101
12.6823 0.00611727 9924772 21.2578
12.7667 0.00700634 9816636 24.3474
12.8517 0.00808297 9692764 28.0887
12.9373 0.00932337 9567688 32.3992
13.0234 0.0108641 9424104 37.7533
13.1101 0.0127341 9278716 44.2516
13.1973 0.0149672 9127788 52.0118
13.2852 0.0178253 8968792 61.9437
13.3736 0.0213893 8801068 74.3288
13.4626 0.0258091 8626764 89.6881
13.5522 0.0314578 8444740 109.317
13.6424 0.038726 8248812 134.575
13.7332 0.0482487 8050900 167.667
13.8247 0.0605514 7840044 210.419
13.9167 0.0767021 7621816 266.544
14.0093 0.100083 7391184 347.794
14.1025 0.132596 7158996 460.776
14.1964 0.176086 6904924 611.908
14.2909 0.244858 6649248 850.894
14.386 0.344535 6384676 1197.28
14.4818 0.497763 6098844 1729.75
14.5781 0.761556 5811012 2646.45
14.6751 1.22728 5508112 4264.86
14.7727 1.93362 5195916 6719.43
14.8711 3.96296 4872228 13771.5
14.97 8.51944 4531392 29605.5
15.0695 17.8426 4181068 62004.1
15.1698 69.5155 3827115 241570
15.2709 0.0105718 3511752 36.7374
15.3726 0.0122792 3240696 42.6708
15.4749 0.0146414 2990682 50.8795
15.5779 0.0177588 2763190 61.7126
15.6816 0.0217341 2544444 75.5272
15.786 0.0269075 2340936 93.5049
15.8911 0.0336782 2149530 117.033
15.9968 0.0423279 1967724 147.091
16.1033 0.0539526 1794918 187.488
16.2104 0.0694834 1632468 241.458
16.3183 0.0907065 1477728 315.21
16.4269 0.119257 1333008 414.423
16.5362 0.159507 1194306 554.296
16.6462 0.216142 1064754 751.104
16.757 0.299829 941964 1041.92
16.8685 0.420914 826020 1462.7
16.9806 0.6024 718284 2093.37
17.0936 0.888465 619944 3087.46
17.2072 1.34048 524820 4658.24
17.3216 2.09017 441182 7263.46
17.4366 3.37145 360702 11716
17.5525 5.77355 292782 20063.4
17.6693 10.2709 228006 35691.9
17.7861 19.327 171158 67162.2
17.9035 40.5407 124494 140881
18.0221 96.1901 84168 334266
18.1408 266.145 51006 924867
18.2586 944.773 26360 3.28313e+06
18.374 5196.18 9960 1.8057e+07
18.4789 143063 1561 4.97151e+08
