0.000000000000000000e+00 0.000000000000000000e+00 1.000000000000000000e+00
2.966547016023049222e-05 9.074364466412375000e+12 2.600000000000000000e+01
5.419127478489826899e-05 3.310911459849795410e+12 9.600000000000000000e+01
7.352296279350412078e-05 1.801001267162583252e+12 1.280000000000000000e+02
9.389855742568236892e-05 1.012223499134860107e+12 2.580000000000000000e+02
1.158725991235069817e-04 5.928669378886921387e+11 4.160000000000000000e+02
1.366478460172924035e-04 3.768778186142940063e+11 4.880000000000000000e+02
1.565363249687504838e-04 2.766554762287529297e+11 6.900000000000000000e+02
1.778955720510566607e-04 1.930242643247513123e+11 9.440000000000000000e+02
1.990977003143960138e-04 1.441787699129617920e+11 1.116000000000000000e+03
2.195136083065773482e-04 1.147180549900708771e+11 1.350000000000000000e+03
2.401897563775092642e-04 8.723872184877976990e+10 1.640000000000000000e+03
2.614777619907888030e-04 7.106204807080686951e+10 2.012000000000000000e+03
2.828791348991739033e-04 5.833970733677154541e+10 2.342000000000000000e+03
3.035493481013598746e-04 4.631305678177623749e+10 2.520000000000000000e+03
3.241235762803953654e-04 3.910826221106939697e+10 3.044000000000000000e+03
3.452349808782958856e-04 3.432137919709356308e+10 3.402000000000000000e+03
3.663220373959401657e-04 2.756721503051628494e+10 3.908000000000000000e+03
3.870323335420426084e-04 2.408490446604870605e+10 4.164000000000000000e+03
4.079442765424508136e-04 2.198900222355139542e+10 4.850000000000000000e+03
4.290508288495219961e-04 1.920583477402431488e+10 5.278000000000000000e+03
4.499199264962810215e-04 1.666042301844569969e+10 5.738000000000000000e+03
4.706853420837009763e-04 1.499304872146736908e+10 6.328000000000000000e+03
4.917663743978291802e-04 1.327319236604923058e+10 7.038000000000000000e+03
5.127686723343992349e-04 1.221945584668338776e+10 7.412000000000000000e+03
5.337335542319532940e-04 1.080705869967990303e+10 8.330000000000000000e+03
5.549800201446776493e-04 1.005490869533786392e+10 8.874000000000000000e+03
5.759912130300024738e-04 8.870999099035873413e+09 9.566000000000000000e+03
5.967421699262660242e-04 8.329170005159215927e+09 9.906000000000000000e+03
6.175678115601301518e-04 7.658588217548929214e+09 1.109600000000000000e+04
6.383415719683501301e-04 7.013937369077933311e+09 1.137600000000000000e+04
6.593344981926793028e-04 6.596215674773770332e+09 1.272200000000000000e+04
6.803914028984011904e-04 6.198315619763265610e+09 1.320200000000000000e+04
7.014542198821641355e-04 5.730036916202158928e+09 1.425000000000000000e+04
7.224268553394682778e-04 5.253902853077488899e+09 1.487800000000000000e+04
7.433377686538733542e-04 4.842463917684855461e+09 1.585600000000000000e+04
7.643057570345914353e-04 4.582789629691150665e+09 1.670800000000000000e+04
7.850935419370501942e-04 4.322284180788319588e+09 1.747000000000000000e+04
8.060212137376749925e-04 3.942727373185352325e+09 1.871400000000000000e+04
8.270109035013945616e-04 3.723064854834887505e+09 1.961800000000000000e+04
8.478809236624057499e-04 3.578558210400438786e+09 2.043000000000000000e+04
8.688274482596475756e-04 3.281160734618041039e+09 2.175400000000000000e+04
8.898088481166329831e-04 3.195121365524622917e+09 2.265800000000000000e+04
9.108524687755773560e-04 2.898581078709991455e+09 2.397800000000000000e+04
9.318601638592801609e-04 2.767648865728061199e+09 2.485400000000000000e+04
9.528007574779614975e-04 2.620298762998316765e+09 2.602400000000000000e+04
9.736277382378045672e-04 2.581404527587827206e+09 2.680400000000000000e+04
9.944946999702632389e-04 2.454751182855906487e+09 2.852400000000000000e+04
1.015482989633682571e-03 2.306867103595061302e+09 2.942800000000000000e+04
1.036461902710500557e-03 2.102147457108333349e+09 3.101800000000000000e+04
1.057439497869204059e-03 2.112382168887814999e+09 3.183400000000000000e+04
1.078443002355871467e-03 1.942678685761465788e+09 3.375000000000000000e+04
1.099452363638649902e-03 1.922010045404237270e+09 3.444800000000000000e+04
1.120486208476862908e-03 1.881986057465597391e+09 3.637200000000000000e+04
1.141303192916390957e-03 1.743878311552121401e+09 3.654000000000000000e+04
1.162186681874016400e-03 1.667582033065118313e+09 3.914000000000000000e+04
1.183149620925968070e-03 1.563118928912604094e+09 3.983400000000000000e+04
1.203997363442231659e-03 1.494661141897017717e+09 4.135400000000000000e+04
1.224944994418043515e-03 1.445780487609735966e+09 4.321400000000000000e+04
1.245889918711711548e-03 1.351120663742900372e+09 4.425600000000000000e+04
1.266922621965076200e-03 1.339324488364906549e+09 4.647600000000000000e+04
1.287887052574165437e-03 1.256396658303403378e+09 4.724600000000000000e+04
1.308810967468131744e-03 1.200529167898128986e+09 4.912200000000000000e+04
1.329835386524824215e-03 1.140353709961654902e+09 5.109800000000000000e+04
1.350750192873838166e-03 1.155624790270344973e+09 5.163600000000000000e+04
1.371711424745301715e-03 1.109115238477733374e+09 5.462800000000000000e+04
1.392624036365390158e-03 1.064628038578740478e+09 5.472000000000000000e+04
1.413485876467941759e-03 9.509825953249173164e+08 5.752400000000000000e+04
1.434504920091316795e-03 9.097693590408515930e+08 5.916600000000000000e+04
1.455479173956697328e-03 9.278646027621113062e+08 6.061000000000000000e+04
1.476360066582646643e-03 8.684856067316433191e+08 6.220800000000000000e+04
1.497238293198690064e-03 8.247688315027925968e+08 6.403800000000000000e+04
1.518151436351234361e-03 8.222856412660943270e+08 6.588400000000000000e+04
1.539225064965316948e-03 7.977816329240659475e+08 6.897000000000000000e+04
1.560248804580790637e-03 7.404654094608898163e+08 6.916200000000000000e+04
1.581182494113146002e-03 7.058954667943187952e+08 7.207800000000000000e+04
1.602151900066207339e-03 6.970222490454647541e+08 7.331200000000000000e+04
1.623050404003984794e-03 6.730890577534638643e+08 7.529200000000000000e+04
1.643913830382842884e-03 6.185675995074133873e+08 7.717200000000000000e+04
1.664841698923051399e-03 6.384057698394217491e+08 7.932400000000000000e+04
1.685763907790326479e-03 6.407344338264690638e+08 8.137800000000000000e+04
1.706688757368782965e-03 5.949068431824579239e+08 8.339000000000000000e+04
1.727724992430916670e-03 5.618431523433545828e+08 8.624000000000000000e+04
1.748707814916582084e-03 5.401534963792936802e+08 8.733200000000000000e+04
1.769605465165582101e-03 5.076113633208023906e+08 8.936000000000000000e+04
1.790549613119530193e-03 5.334007110780997872e+08 9.240800000000000000e+04
1.811543500644504680e-03 5.269087629307838678e+08 9.379400000000000000e+04
1.832485551308853837e-03 4.838092854600466490e+08 9.642600000000000000e+04
1.853319488606598731e-03 4.655644017477815747e+08 9.719800000000000000e+04
1.874292282546716334e-03 4.268359029567939639e+08 1.019700000000000000e+05
1.895341291622483146e-03 4.315714533663563728e+08 1.027860000000000000e+05
1.916270427068929782e-03 4.095205120371961594e+08 1.049680000000000000e+05
1.937202914037521083e-03 4.293158083151286244e+08 1.077600000000000000e+05
1.958149652614909336e-03 4.054283404853347540e+08 1.096340000000000000e+05
1.979058784035020620e-03 3.863556417901892066e+08 1.119540000000000000e+05
1.999993474540890347e-03 3.741358845324305892e+08 1.148600000000000000e+05
2.020922110787634791e-03 3.559589491135649085e+08 1.164680000000000000e+05
2.041850748222624919e-03 3.419915797956480980e+08 1.198100000000000000e+05
2.062892259723775670e-03 3.169269404894731641e+08 1.226000000000000000e+05
2.083837585308887137e-03 3.223305140090900660e+08 1.238080000000000000e+05
2.104695197375418270e-03 2.986554336464733481e+08 1.265460000000000000e+05
2.125687115869021645e-03 3.008448518602171540e+08 1.301860000000000000e+05
2.146635125921985115e-03 3.104482838010340333e+08 1.314520000000000000e+05
2.167576534851236702e-03 2.908715178904221654e+08 1.350760000000000000e+05
2.188537900573890582e-03 2.703020330818969607e+08 1.369860000000000000e+05
2.209470176440963673e-03 2.831296853183013797e+08 1.399720000000000000e+05
2.230421037305644043e-03 2.566883696242890060e+08 1.422760000000000000e+05
2.251386027648449254e-03 2.744170138045485616e+08 1.460180000000000000e+05
2.272319819886492107e-03 2.567834376398606300e+08 1.468260000000000000e+05
2.293227522635792395e-03 2.200099422781946361e+08 1.512680000000000000e+05
2.314122960978284415e-03 2.241354920215137601e+08 1.520520000000000000e+05
2.335065946034262530e-03 2.088168076462343931e+08 1.574900000000000000e+05
2.356048445895948112e-03 2.217030382477183640e+08 1.585880000000000000e+05
2.377009828332220329e-03 2.030941822606737018e+08 1.622040000000000000e+05
2.397976401052556630e-03 2.122392381508057415e+08 1.649380000000000000e+05
2.418954157325603569e-03 1.971798570392965972e+08 1.679380000000000000e+05
2.439905991183916652e-03 1.965667452819482982e+08 1.704060000000000000e+05
2.460851374860760499e-03 1.814426338013834953e+08 1.736020000000000000e+05
2.481781295393546607e-03 1.861749839482623339e+08 1.760100000000000000e+05
2.502650413933086952e-03 1.831533572069428265e+08 1.788440000000000000e+05
2.523591626582233523e-03 1.625161932520999312e+08 1.827160000000000000e+05
2.544558463805404389e-03 1.656494246007661223e+08 1.857620000000000000e+05
2.565532067070480388e-03 1.655194308592703938e+08 1.886940000000000000e+05
2.586503041233372598e-03 1.346412126050761044e+08 1.920580000000000000e+05
2.607450880409729367e-03 1.577812397261167765e+08 1.945460000000000000e+05
2.628464482732199327e-03 1.609201149616937041e+08 1.993060000000000000e+05
2.649320156313930263e-03 1.562202841802189648e+08 1.981720000000000000e+05
2.670164066336059953e-03 1.403249004185266793e+08 2.050680000000000000e+05
2.691132520107587366e-03 1.506756779377615452e+08 2.071700000000000000e+05
2.712101461832686425e-03 1.386381698042015135e+08 2.115720000000000000e+05
2.733066501623578320e-03 1.446393215616682172e+08 2.134840000000000000e+05
2.753990483622856169e-03 1.277898564410317391e+08 2.174580000000000000e+05
2.774979431304217935e-03 1.244241734112862349e+08 2.212500000000000000e+05
2.795995700070591679e-03 1.167660377742329836e+08 2.249240000000000000e+05
2.816904271298328270e-03 1.146246735628814548e+08 2.257300000000000000e+05
2.837790049867310559e-03 1.147036092381847203e+08 2.306920000000000000e+05
2.858753194608672828e-03 1.004162894574327022e+08 2.348280000000000000e+05
2.879705102950846397e-03 1.047526724869900942e+08 2.368760000000000000e+05
2.900616066266185639e-03 1.110494359660617113e+08 2.411780000000000000e+05
2.921550576131295204e-03 1.098810100683032423e+08 2.439500000000000000e+05
2.942504689292785910e-03 9.925654775234423578e+07 2.488020000000000000e+05
2.963447957150189965e-03 1.100228660818406194e+08 2.511200000000000000e+05
2.984364966659551650e-03 9.951314314384649694e+07 2.546280000000000000e+05
3.005322098225685339e-03 1.015934019513638020e+08 2.598680000000000000e+05
3.026287417299484365e-03 9.704458352693222463e+07 2.614840000000000000e+05
3.047254626029334383e-03 9.293079520174150169e+07 2.676900000000000000e+05
3.068223221635749381e-03 9.316241105727130175e+07 2.686860000000000000e+05
3.089160096736553313e-03 8.977506005437658727e+07 2.740100000000000000e+05
3.110118452408271693e-03 7.964521170925951004e+07 2.770260000000000000e+05
3.131101157249004466e-03 9.232647982663303614e+07 2.818260000000000000e+05
3.152012107737241914e-03 7.905150598775431514e+07 2.829960000000000000e+05
3.172901328297306114e-03 9.021306025341314077e+07 2.883560000000000000e+05
3.193813538822268261e-03 8.716399141152404249e+07 2.913460000000000000e+05
3.214800502530194403e-03 7.696903382887946069e+07 2.982600000000000000e+05
3.235793302476244835e-03 6.736841084853930771e+07 2.990520000000000000e+05
3.256696732262139276e-03 7.002419111038592458e+07 3.037380000000000000e+05
3.277615792439744248e-03 7.214430141658093035e+07 3.069620000000000000e+05
3.298528834693501607e-03 7.110820362867228687e+07 3.116520000000000000e+05
3.319504985833824327e-03 6.635960655171345919e+07 3.167800000000000000e+05
3.340473107414497489e-03 7.464324201583537459e+07 3.191460000000000000e+05
3.361372050816498203e-03 6.785549054589253664e+07 3.229880000000000000e+05
3.382344779781507396e-03 5.570777483209243417e+07 3.290040000000000000e+05
3.403324916305406657e-03 6.450323025602900237e+07 3.320080000000000000e+05
3.424255332119448009e-03 6.298361113580409437e+07 3.352720000000000000e+05
3.445207728865935532e-03 6.441563044308207929e+07 3.407300000000000000e+05
3.466168487889234595e-03 5.358063128763792664e+07 3.443120000000000000e+05
3.487106416179204613e-03 4.689049926037018001e+07 3.477240000000000000e+05
3.508026612012424706e-03 5.777531335209208727e+07 3.527900000000000000e+05
3.528938131544482899e-03 5.651355961141911894e+07 3.551460000000000000e+05
3.549886480972501337e-03 5.480140247169412673e+07 3.626560000000000000e+05
3.570874151960292363e-03 5.274733821710327268e+07 3.654560000000000000e+05
3.591830053669282409e-03 4.621096056591532379e+07 3.695780000000000000e+05
3.612751942127294565e-03 5.247786004524806887e+07 3.734660000000000000e+05
3.633695287620703016e-03 4.429660688326936215e+07 3.782100000000000000e+05
3.654640656380759439e-03 5.421117111255978793e+07 3.831580000000000000e+05
3.675610751456185200e-03 4.308533093889275938e+07 3.874660000000000000e+05
3.696548704162959734e-03 4.435505705830053985e+07 3.905200000000000000e+05
3.717424036417998380e-03 4.610077925319316238e+07 3.945120000000000000e+05
3.738345997700743325e-03 4.813216134235637635e+07 4.005780000000000000e+05
3.759313376606930775e-03 4.509177144752864540e+07 4.059380000000000000e+05
3.780301687649433723e-03 4.616561777864112705e+07 4.098140000000000000e+05
3.801216422977883244e-03 2.953303145401762426e+07 4.123620000000000000e+05
3.822140407537945143e-03 4.463846477774259448e+07 4.194100000000000000e+05
3.843150642483481386e-03 3.653846646811056137e+07 4.247280000000000000e+05
3.864100309678084478e-03 4.163832852902185172e+07 4.265580000000000000e+05
3.885037448634693670e-03 3.936521898543366045e+07 4.331960000000000000e+05
3.905992546688218190e-03 3.972997882398178428e+07 4.366480000000000000e+05
3.926968889495974571e-03 3.297392813411240280e+07 4.438480000000000000e+05
3.947919912764940274e-03 3.716243984045586735e+07 4.444500000000000000e+05
3.968809095191870237e-03 3.538822820661734790e+07 4.511780000000000000e+05
3.989707591929131034e-03 2.864588218194167688e+07 4.539680000000000000e+05
4.010672832955066748e-03 3.202950678268871456e+07 4.638300000000000000e+05
4.031639383660075987e-03 2.755958257134405896e+07 4.636500000000000000e+05
4.052568136510180212e-03 3.068036973759947345e+07 4.716760000000000000e+05
4.073526038593747178e-03 3.308249641832065582e+07 4.750940000000000000e+05
4.094489398659429888e-03 3.336348524906894937e+07 4.809620000000000000e+05
4.115445453160421208e-03 2.639490451440617442e+07 4.855700000000000000e+05
4.136358162412105167e-03 3.612401855733630061e+07 4.881840000000000000e+05
4.157271722718521023e-03 3.145126380550110713e+07 4.955520000000000000e+05
4.178226448857211110e-03 3.205599217435370386e+07 5.002980000000000000e+05
4.199180132835248283e-03 2.175036648646250367e+07 5.052500000000000000e+05
4.220122271474228276e-03 2.551513177397143841e+07 5.104780000000000000e+05
4.241058615773919509e-03 2.339687184406254813e+07 5.140660000000000000e+05
4.262016527872686950e-03 2.587625248872388899e+07 5.225060000000000000e+05
4.282957108014494481e-03 2.228966125342474133e+07 5.232600000000000000e+05
4.303920606016589483e-03 2.235752239514597133e+07 5.338900000000000000e+05
4.324900711072319527e-03 3.050098679280064628e+07 5.346180000000000000e+05
4.345819868260085254e-03 2.200977198360112682e+07 5.405880000000000000e+05
4.366741355105016945e-03 1.978646916292043030e+07 5.460140000000000000e+05
4.387687576206064123e-03 2.666685035190983489e+07 5.516580000000000000e+05
4.408641252392609886e-03 2.009701415780227631e+07 5.572260000000000000e+05
4.429571596276063450e-03 2.350248962615657970e+07 5.608360000000000000e+05
4.450498500189372340e-03 2.108755868370047957e+07 5.678360000000000000e+05
4.471485341863776740e-03 2.035151027344864234e+07 5.749780000000000000e+05
4.492441410558204416e-03 2.531833977654581144e+07 5.763060000000000000e+05
4.513343365306714088e-03 2.232508013384000584e+07 5.831660000000000000e+05
4.534281153104992475e-03 1.564204633506907523e+07 5.893300000000000000e+05
4.555228142645097698e-03 2.392779493278097734e+07 5.938900000000000000e+05
4.576187639323749112e-03 1.926956797782349959e+07 6.016200000000000000e+05
4.597128030531173748e-03 2.103307224157789722e+07 6.033700000000000000e+05
4.618035650780973750e-03 1.716882167736631259e+07 6.110180000000000000e+05
4.638999328291089179e-03 2.343847734306858853e+07 6.175840000000000000e+05
4.659954510042933241e-03 1.614469391157046705e+07 6.215220000000000000e+05
4.680898882661307069e-03 1.873101397823192552e+07 6.287140000000000000e+05
4.701854800139268313e-03 2.291351263090898842e+07 6.324560000000000000e+05
4.722798299773690520e-03 1.621560354646066017e+07 6.403260000000000000e+05
4.743740579222889032e-03 1.822489545646717772e+07 6.429160000000000000e+05
4.764671430826451608e-03 1.432370175133869983e+07 6.514900000000000000e+05
4.785630000033127933e-03 1.630385824230737612e+07 6.558780000000000000e+05
4.806598069599005846e-03 1.942614357557183504e+07 6.632740000000000000e+05
4.827520819925074091e-03 1.377990518504668772e+07 6.654180000000000000e+05
4.848450178391465470e-03 1.947024819871436432e+07 6.743220000000000000e+05
4.869408503203899105e-03 2.003110355379651487e+07 6.796140000000000000e+05
4.890380914734916880e-03 1.591141879134331085e+07 6.862820000000000000e+05
4.911321585953588344e-03 1.289057247820731066e+07 6.897760000000000000e+05
4.932241071478910867e-03 1.224275928232799098e+07 6.968880000000000000e+05
4.953190501765598365e-03 1.535748147330703586e+07 7.027380000000000000e+05
4.974121761082719168e-03 8.931399823435351253e+06 7.083380000000000000e+05
4.995019003930593546e-03 1.785601432406480238e+07 7.120920000000000000e+05
5.015957276489464711e-03 1.513183396325781755e+07 7.230740000000000000e+05
5.036924478070266449e-03 1.567719754616625607e+07 7.260280000000000000e+05
5.057877000379992598e-03 1.370751146031813323e+07 7.339940000000000000e+05
5.078837573861229478e-03 1.720957877652636170e+07 7.393740000000000000e+05
5.099803304237073877e-03 1.429010733325152658e+07 7.460900000000000000e+05
5.120772839316486101e-03 1.273903618501189351e+07 7.520180000000000000e+05
5.141715166207226628e-03 1.299725766639145091e+07 7.564860000000000000e+05
5.162623510308616409e-03 1.593404749434075132e+07 7.616660000000000000e+05
5.183578866044248785e-03 1.274463911328059435e+07 7.728580000000000000e+05
5.204526277597153715e-03 1.215404454003708623e+07 7.728260000000000000e+05
5.225432892487220753e-03 1.023949313012150303e+07 7.826460000000000000e+05
5.246381252225634090e-03 1.014059083955468051e+07 7.885780000000000000e+05
5.267351408156492956e-03 1.455927328038163669e+07 7.964900000000000000e+05
5.288292804304761674e-03 1.045553183076846041e+07 7.996520000000000000e+05
5.309203013744335717e-03 9.286212578395782039e+06 8.060180000000000000e+05
5.330163024375439776e-03 1.236353554436687753e+07 8.170740000000000000e+05
5.351148492684165182e-03 1.206687417179487273e+07 8.200040000000000000e+05
5.372069804439618367e-03 1.348914742641253024e+07 8.256460000000000000e+05
5.392998247667225679e-03 1.503440619295220077e+07 8.331220000000000000e+05
5.413951736963958788e-03 1.145862854799722880e+07 8.400500000000000000e+05
5.434890416730552357e-03 9.008316512615313753e+06 8.458920000000000000e+05
5.455836937598190425e-03 1.118303315229146369e+07 8.528680000000000000e+05
5.476773563924624763e-03 1.024181383993541822e+07 8.591060000000000000e+05
5.497703248326882113e-03 8.461188608589362353e+06 8.643500000000000000e+05
5.518652061045208577e-03 8.644447362199353054e+06 8.746660000000000000e+05
5.539607922118034052e-03 1.234690150838758796e+07 8.779860000000000000e+05
5.560574844575168034e-03 9.890242867096895352e+06 8.886260000000000000e+05
5.581519275973697083e-03 7.749449119758582674e+06 8.899740000000000000e+05
5.602425265285189936e-03 1.099592509549743496e+07 8.980880000000000000e+05
5.623383351546370167e-03 1.121944923750193603e+07 9.085540000000000000e+05
5.644373191424221364e-03 9.864511397051703185e+06 9.140540000000000000e+05
5.665288316907858557e-03 7.892267046382841654e+06 9.152280000000000000e+05
5.686221591163983201e-03 6.279034604329491965e+06 9.298260000000000000e+05
5.707184821479444926e-03 1.127053188087183982e+07 9.311460000000000000e+05
5.728134188723717386e-03 8.892695621477188542e+06 9.426360000000000000e+05
5.749088571545068506e-03 8.291376119701787829e+06 9.451140000000000000e+05
5.770005745514510294e-03 6.727769104193418287e+06 9.527320000000000000e+05
5.790959226569722222e-03 7.427468885150802322e+06 9.631820000000000000e+05
5.811894835529232348e-03 9.356177133652344346e+06 9.639540000000000000e+05
5.832824970741895196e-03 6.328890964708019979e+06 9.774260000000000000e+05
5.853784985935771290e-03 7.229721167195049115e+06 9.803900000000000000e+05
5.874720961160064675e-03 8.322584426831744611e+06 9.888660000000000000e+05
5.895662134299190990e-03 7.709092024448162876e+06 9.958500000000000000e+05
5.916600629045295177e-03 9.862275764166302979e+06 1.001722000000000000e+06
5.937555451052196204e-03 5.763354584023848176e+06 1.012572000000000000e+06
5.958502282595038585e-03 6.000773011285793968e+06 1.014340000000000000e+06
5.979450310435244220e-03 8.066197298609048128e+06 1.027810000000000000e+06
6.000386289893909139e-03 5.607401598143576644e+06 1.027342000000000000e+06
6.021316521619196269e-03 6.203248060225153342e+06 1.040824000000000000e+06
6.042248222996981187e-03 7.596181762210129760e+06 1.043012000000000000e+06
6.063191808203589016e-03 6.245744845883561298e+06 1.055506000000000000e+06
6.084156014741207673e-03 6.855154011503175832e+06 1.060694000000000000e+06
6.105098031896988298e-03 8.644408607223823667e+06 1.067122000000000000e+06
6.126045096320165487e-03 7.201526954001293518e+06 1.075762000000000000e+06
6.147012740620710035e-03 7.999134483490290120e+06 1.084606000000000000e+06
6.167959436111305691e-03 4.083889657010048162e+06 1.088162000000000000e+06
6.188894491932587019e-03 5.456887884860921651e+06 1.097898000000000000e+06
6.209841327112627582e-03 7.853107386705465615e+06 1.104138000000000000e+06
6.230780779989405528e-03 6.996423742382847704e+06 1.112582000000000000e+06
6.251728852262752358e-03 6.708105068822086789e+06 1.120042000000000000e+06
6.272672237590436878e-03 6.063957306243399158e+06 1.126258000000000000e+06
6.293606531353737252e-03 4.125080022136701271e+06 1.134620000000000000e+06
6.314525842076099474e-03 5.203133352835678495e+06 1.139818000000000000e+06
6.335480427082902134e-03 6.506749063572888263e+06 1.153700000000000000e+06
6.356446024588109298e-03 2.594254158466812223e+06 1.155926000000000000e+06
6.377367140193187893e-03 5.430488319904451258e+06 1.163874000000000000e+06
6.398313565908670709e-03 4.782082154909225181e+06 1.174882000000000000e+06
6.419260121280221526e-03 7.302029119219949469e+06 1.178282000000000000e+06
6.440218587345369547e-03 4.129533976209081709e+06 1.192332000000000000e+06
6.461158775814396064e-03 5.631230220532635227e+06 1.191242000000000000e+06
6.482075493038591193e-03 1.670048983880814398e+06 1.205140000000000000e+06
6.503021599461181537e-03 2.972079342204547953e+06 1.210806000000000000e+06
6.523983342755540656e-03 5.821320294304247014e+06 1.221506000000000000e+06
6.544934890755176732e-03 5.965996459988556802e+06 1.226362000000000000e+06
6.565871171090307754e-03 3.495553188325816300e+06 1.234482000000000000e+06
6.586833468300840218e-03 4.677808035656971857e+06 1.245910000000000000e+06
6.607797806640947937e-03 7.186551886320409365e+06 1.250240000000000000e+06
6.628727319026261194e-03 6.757920206562940031e+06 1.257554000000000000e+06
6.649661195173045547e-03 3.908102610073450487e+06 1.267192000000000000e+06
6.670604474610463894e-03 6.883153504250606522e+06 1.273586000000000000e+06
6.691533941440819776e-03 5.180092395535934716e+06 1.282714000000000000e+06
6.712465110591878462e-03 2.744291639511354733e+06 1.289062000000000000e+06
6.733402927879838379e-03 6.393307326284710318e+06 1.299768000000000000e+06
6.754377693055123484e-03 6.406606771584629081e+06 1.309778000000000000e+06
6.775342499181890438e-03 2.152530352961202152e+06 1.314924000000000000e+06
6.796254657177060871e-03 3.876437325786064845e+06 1.319702000000000000e+06
6.817187776562244790e-03 3.786548394966777880e+06 1.333208000000000000e+06
6.838151923094192876e-03 3.262795670967071317e+06 1.340212000000000000e+06
6.859103286713035333e-03 7.232712804438215680e+06 1.348454000000000000e+06
6.880052783898826275e-03 5.599082262943656184e+06 1.356042000000000000e+06
6.901007347581009782e-03 4.638011876097904518e+06 1.365818000000000000e+06
6.921969877109315772e-03 5.151340501299848780e+06 1.373154000000000000e+06
6.942887545347252616e-03 3.181439857728981879e+06 1.377196000000000000e+06
6.963785823996730337e-03 2.332884669523172546e+06 1.387268000000000000e+06
6.984754600336452561e-03 5.023648194791928865e+06 1.402330000000000000e+06
7.005695100548091706e-03 3.759125127879260574e+06 1.401214000000000000e+06
7.026622940060659253e-03 4.427777438225582242e+06 1.416810000000000000e+06
7.047573703016726983e-03 4.131221156980284955e+06 1.422122000000000000e+06
7.068510180821678882e-03 3.054206423195619136e+06 1.430634000000000000e+06
7.089459553652813044e-03 2.567534226398249622e+06 1.441006000000000000e+06
7.110410504685391736e-03 4.321354899940942414e+06 1.448832000000000000e+06
7.131375137393774002e-03 2.432080473200732376e+06 1.458732000000000000e+06
7.152328933453326251e-03 2.173199601538702380e+06 1.465678000000000000e+06
7.173251613590963041e-03 2.978428862938461825e+06 1.470370000000000000e+06
7.194203212912279530e-03 5.992048342013647780e+06 1.487866000000000000e+06
7.215157841321821926e-03 3.166636325822986197e+06 1.487870000000000000e+06
7.236108141261602018e-03 4.183302139070762321e+06 1.503962000000000000e+06
7.257048666689974378e-03 2.962098371618634090e+06 1.504850000000000000e+06
7.277960787602941184e-03 3.806004691921121906e+06 1.516066000000000000e+06
7.298904195271708681e-03 1.273307270703018410e+06 1.528222000000000000e+06
7.319871598940557236e-03 1.779222156224776059e+06 1.536026000000000000e+06
7.340813612849602515e-03 3.432242908190800343e+06 1.542330000000000000e+06
7.361742379966780374e-03 1.793795860782503150e+06 1.551846000000000000e+06
7.382683337923755078e-03 2.779406354307487607e+06 1.561504000000000000e+06
7.403644198201568029e-03 3.227914479414984118e+06 1.573074000000000000e+06
7.424582991544486157e-03 2.827119838675615378e+06 1.575546000000000000e+06
7.445529605290209657e-03 4.516764874408247881e+06 1.592096000000000000e+06
7.466481542023457874e-03 4.085301921889259480e+06 1.594450000000000000e+06
7.487417858727503719e-03 3.752205852021188475e+06 1.607282000000000000e+06
7.508358534842077443e-03 1.681667614703602623e+06 1.613718000000000000e+06
7.529281078305200513e-03 3.372525997031241190e+06 1.621618000000000000e+06
7.550232514422407053e-03 1.833121840456938138e+06 1.636714000000000000e+06
7.571170630036476445e-03 3.752509461732601281e+06 1.638078000000000000e+06
7.592116318725157693e-03 2.101193447480448056e+06 1.655090000000000000e+06
7.613077203628958525e-03 4.290310291925074533e+06 1.659706000000000000e+06
7.634011257516152942e-03 3.597615021490293089e+06 1.668002000000000000e+06
7.654973111713371005e-03 1.456198454353822395e+06 1.683910000000000000e+06
7.675911437617626704e-03 2.836309617176163942e+06 1.681432000000000000e+06
7.696841098506215610e-03 2.091316247289056890e+06 1.701434000000000000e+06
7.717798893418999912e-03 2.788387132453219034e+06 1.704454000000000000e+06
7.738762486991400055e-03 3.043151933836724143e+06 1.720330000000000000e+06
7.759712252735236591e-03 2.462364592987310607e+06 1.722076000000000000e+06
7.780626973772562273e-03 2.796301797687562183e+06 1.731610000000000000e+06
7.801564151514805458e-03 9.321470327208340168e+05 1.745606000000000000e+06
7.822528896693948727e-03 2.836032927986845374e+06 1.754440000000000000e+06
7.843486861125832307e-03 2.466994030007532332e+06 1.763148000000000000e+06
7.864428165107073543e-03 2.404100228311054874e+06 1.771182000000000000e+06
7.885344063475309070e-03 2.593526815685261041e+06 1.776490000000000000e+06
7.906293793786002208e-03 1.711853055889985524e+06 1.797170000000000000e+06
7.927252264594475753e-03 2.373753709453605115e+06 1.796022000000000000e+06
7.948181191653037533e-03 2.081040853729327908e+06 1.811602000000000000e+06
7.969123416133441773e-03 -4.511220360380680067e+05 1.817522000000000000e+06
7.990049045727176322e-03 1.465915496300238417e+06 1.826640000000000000e+06
8.010985758534407142e-03 1.452624313715428347e+06 1.840112000000000000e+06
8.031951089543826194e-03 2.569134220890849363e+06 1.850280000000000000e+06
8.052912656648330073e-03 1.912006424911935581e+06 1.858716000000000000e+06
8.073879462498162116e-03 9.755713122792696813e+05 1.870668000000000000e+06
8.094817154052342742e-03 3.539400701615632512e+06 1.872580000000000000e+06
8.115739037859221253e-03 3.250089665777437855e+06 1.888154000000000000e+06
8.136680281278783552e-03 3.473897783633546438e+06 1.894416000000000000e+06
8.157642102452917349e-03 6.734097955713272095e+05 1.911736000000000000e+06
8.178579019049374982e-03 2.200695201830477454e+06 1.910298000000000000e+06
8.199510340422665883e-03 1.670627741638104897e+06 1.929098000000000000e+06
8.220466981858976993e-03 1.097425017490576720e+06 1.935862000000000000e+06
8.241409546366222985e-03 -4.861089899020230514e+05 1.944570000000000000e+06
8.262329895134375157e-03 2.794604906305015553e+06 1.953184000000000000e+06
8.283274531472860705e-03 3.044802075451558921e+06 1.968266000000000000e+06
8.304243732694425312e-03 1.473266924197999761e+06 1.977462000000000000e+06
8.325172084878356554e-03 2.660712229916107841e+06 1.980932000000000000e+06
8.346110977185398905e-03 3.281746739883734845e+06 1.998474000000000000e+06
8.367063873327407891e-03 1.505468734618401155e+06 2.005446000000000000e+06
8.388004618475481886e-03 1.141388033426899929e+06 2.014266000000000000e+06
8.408965504008502484e-03 2.311604342925844714e+06 2.030650000000000000e+06
8.429908993488458013e-03 2.384131765395963099e+06 2.030774000000000000e+06
8.450841337145178697e-03 1.897247947953053750e+06 2.048722000000000000e+06
8.471798743828248129e-03 4.904171829545060755e+05 2.056106000000000000e+06
8.492749771888364815e-03 2.020268553717409493e+06 2.067218000000000000e+06
8.513671635141271607e-03 1.564180475095302099e+06 2.071678000000000000e+06
8.534592157513546176e-03 1.493984688477999531e+06 2.086386000000000000e+06
8.555562581404392575e-03 2.448830803353920113e+06 2.102840000000000000e+06
8.576520646810222373e-03 2.428302710930487141e+06 2.104270000000000000e+06
8.597448065562549036e-03 1.420366619420700939e+06 2.116892000000000000e+06
8.618403235739703974e-03 3.033657934586807620e+06 2.131000000000000000e+06
8.639352720922553741e-03 2.292514126252745278e+06 2.135924000000000000e+06
8.660285069356361137e-03 2.181737861823148094e+06 2.148804000000000000e+06
8.681205223995314482e-03 2.174568731869632378e+06 2.154268000000000000e+06
8.702158425108942608e-03 1.702510532144188648e+06 2.175194000000000000e+06
8.723117173314601236e-03 1.132641755998416338e+06 2.177926000000000000e+06
8.744034676417435439e-03 8.521851274912895169e+05 2.186538000000000000e+06
8.764979598380113687e-03 1.340354589842043817e+06 2.205194000000000000e+06
8.785932290615883558e-03 1.504503841890639160e+06 2.208550000000000000e+06
8.806871497174174196e-03 8.133035291215268662e+05 2.223482000000000000e+06
8.827818353898213982e-03 2.451190474504768848e+06 2.232786000000000000e+06
8.848780708483971677e-03 2.109496673809038941e+06 2.245720000000000000e+06
8.869734148017290043e-03 5.977098995252058376e+05 2.253774000000000000e+06
8.890665565399122339e-03 2.979567044213495683e+06 2.261258000000000000e+06
8.911620780301367228e-03 1.910921189531460404e+06 2.281412000000000000e+06
8.932585956974154265e-03 2.128363713894526474e+06 2.284316000000000000e+06
8.953533078438893900e-03 8.878369110774088185e+05 2.297788000000000000e+06
8.974470445141555577e-03 3.761661377579177497e+05 2.305698000000000000e+06
8.995400632408384958e-03 6.498770699699327815e+05 2.316138000000000000e+06
9.016319280554532800e-03 1.216704693224533228e+06 2.325814000000000000e+06
9.037253920177783229e-03 2.027316454458361550e+05 2.340042000000000000e+06
9.058201535340669464e-03 1.930260737867735326e+06 2.351186000000000000e+06
9.079154238139635485e-03 9.176137143138647079e+05 2.363414000000000000e+06
9.100131819131006966e-03 1.504667710314889904e+06 2.377410000000000000e+06
9.121064865455797213e-03 1.511414102946180385e+06 2.376306000000000000e+06
9.141981233745502533e-03 4.660470615444969735e+05 2.394608000000000000e+06
9.162941393257252251e-03 1.809878131056786980e+06 2.408926000000000000e+06
9.183881219560940251e-03 1.169001770661496557e+06 2.411756000000000000e+06
9.204824342633543405e-03 2.237461182436409872e+06 2.431120000000000000e+06
9.225777682404880109e-03 1.570365050400554901e+06 2.437312000000000000e+06
9.246722633724927323e-03 3.213732322331519332e+06 2.450328000000000000e+06
9.267663983415212747e-03 1.013476244327080203e+06 2.459196000000000000e+06
9.288593044584242051e-03 1.212053592293056427e+06 2.469910000000000000e+06
9.309529692482654967e-03 1.880337677353115752e+06 2.481922000000000000e+06
9.330483363834749314e-03 1.285655059173461515e+06 2.498194000000000000e+06
9.351439740104288204e-03 2.727976797756065615e+06 2.503298000000000000e+06
9.372388599119116023e-03 6.705032420564701315e+05 2.520374000000000000e+06
9.393301968195480120e-03 1.713861720748154912e+06 2.516170000000000000e+06
9.414235834829864924e-03 8.744935007199120009e+05 2.547408000000000000e+06
9.435212106359593121e-03 1.331097046325475909e+06 2.550832000000000000e+06
9.456163628275575730e-03 1.336044822265904862e+06 2.562104000000000000e+06
9.477103894004685128e-03 1.754229026819944847e+06 2.572700000000000000e+06
9.498052928690409180e-03 1.448270055642038118e+06 2.584858000000000000e+06
9.518996337879167408e-03 1.336588776738724438e+06 2.595756000000000000e+06
9.539931079276701281e-03 2.257723521398066659e+05 2.605620000000000000e+06
9.560880919817041010e-03 1.047635592438021093e+06 2.620648000000000000e+06
9.581832173066004432e-03 7.938482588509146590e+05 2.630984000000000000e+06
9.602776172309554145e-03 4.862677218831131468e+05 2.640290000000000000e+06
9.623715027609339862e-03 1.845797527459619800e+06 2.654362000000000000e+06
9.644649894599970422e-03 3.148187429018094554e+05 2.660726000000000000e+06
9.665582071407231510e-03 1.728753357776476536e+06 2.677114000000000000e+06
9.686517449193469270e-03 1.045092959777885699e+06 2.685762000000000000e+06
9.707473117854586650e-03 -2.539084734213838528e+05 2.704274000000000000e+06
9.728424492467507151e-03 1.299070492597337812e+06 2.709196000000000000e+06
9.749369801231063185e-03 1.277966998067687266e+06 2.724820000000000000e+06
9.770324780499195158e-03 6.396662965734647587e+05 2.736208000000000000e+06
9.791264363435981874e-03 1.173306524212266319e+06 2.743768000000000000e+06
9.812205066557784516e-03 9.334092268246052554e+05 2.759730000000000000e+06
9.833160931073609348e-03 1.709328942495171912e+06 2.771952000000000000e+06
9.854097235485376888e-03 5.225791289271455025e+05 2.777268000000000000e+06
9.875037999319194806e-03 -4.354345343503761978e+04 2.797782000000000000e+06
9.895989367209959489e-03 7.529082381191884633e+04 2.803642000000000000e+06
9.916927245804646462e-03 1.236875229331699200e+06 2.816794000000000000e+06
9.937869380779206993e-03 4.589298784053086420e+05 2.830062000000000000e+06
9.958826481688226248e-03 1.623517202649397310e+06 2.843378000000000000e+06
9.979774868813932540e-03 1.618162713369163394e+05 2.853154000000000000e+06
1.000069821143680093e-02 1.523141769146827981e+06 2.859412000000000000e+06
1.002162272426048405e-02 1.469896663787593832e+06 2.876980000000000000e+06
1.004256722830361090e-02 9.731592144142611651e+05 2.890392000000000000e+06
1.006351224970695318e-02 1.796307451149050612e+06 2.899476000000000000e+06
1.008446063218807962e-02 1.834306282869117858e+05 2.917726000000000000e+06
1.010541581371072160e-02 1.149842088009254076e+06 2.922866000000000000e+06
1.012636580884461457e-02 7.015442246122013312e+05 2.942762000000000000e+06
1.014732102857123473e-02 2.024926641282579803e+05 2.948244000000000000e+06
1.016825766198237169e-02 1.233038702223276021e+06 2.960844000000000000e+06
1.018918905674288770e-02 -1.643201899383971759e+05 2.972272000000000000e+06
1.021013947687613235e-02 2.549607319062825409e+05 2.989284000000000000e+06
1.023108361089690790e-02 6.166505857756270561e+05 2.997166000000000000e+06
1.025204062939684586e-02 1.580731974665578455e+06 3.015898000000000000e+06
1.027298221161072195e-02 1.246783539620225085e+06 3.017474000000000000e+06
1.029391941887124878e-02 4.495118494876992190e+05 3.040014000000000000e+06
1.031486555176150399e-02 1.545347996312699514e+06 3.043856000000000000e+06
1.033581475106024050e-02 2.527736047629051027e+05 3.066500000000000000e+06
1.035676447297369587e-02 9.798569406676158542e+05 3.068136000000000000e+06
1.037770158394408018e-02 6.184893905503999849e+04 3.088024000000000000e+06
1.039863640906126679e-02 8.920011784572282340e+05 3.092690000000000000e+06
1.041958100057027194e-02 1.220430271281518508e+06 3.115154000000000000e+06
1.044053342563799371e-02 1.669131000496302033e+06 3.120446000000000000e+06
1.046146653361525874e-02 1.436113112815390108e+06 3.134098000000000000e+06
1.048241525249252702e-02 6.459873964154493297e+05 3.150914000000000000e+06
1.050334874905482253e-02 6.017884087969302345e+04 3.154270000000000000e+06
1.052428159857683905e-02 4.979532446658473054e+04 3.175378000000000000e+06
1.054523485558974544e-02 6.892149355685969349e+05 3.186922000000000000e+06
1.056617700374397686e-02 1.091335996692197630e+06 3.195530000000000000e+06
1.058712983125213031e-02 9.739782881722230231e+05 3.217292000000000000e+06
1.060807579670321535e-02 1.279817379358407576e+06 3.218148000000000000e+06
1.062901467447870466e-02 5.977165015540253371e+05 3.240616000000000000e+06
1.064997100637046258e-02 5.596598649948287057e+05 3.249184000000000000e+06
1.067092231155890997e-02 3.655935405159181100e+05 3.263600000000000000e+06
1.069184232595445962e-02 3.396541393036268419e+05 3.267524000000000000e+06
1.071278652053386446e-02 4.816782779280439136e+05 3.293642000000000000e+06
