# in Mpc/h Units 
# (k P_nu(k))
# a= 0.745356
# nk = 757
0.020944 5184.4
0.0296192 2591.34
0.036276 1520.77
0.0418879 971.833
0.0468321 694.607
0.051302 539.443
0.0592384 361.244
0.0628319 306.762
0.0662306 244.036
0.0694632 216.154
0.072552 194.338
0.0755145 141.042
0.0783651 124.695
0.0837758 120.546
0.0863541 82.5052
0.0888577 68.4554
0.0912926 68.5072
0.0936642 72.5363
0.0959772 51.5734
0.0982358 47.0244
0.102604 44.4542
0.10472 35.5781
0.106794 31.5572
0.108828 27.3421
0.112787 27.4472
0.114715 25.6078
0.118477 24.1107
0.120314 23.0362
0.122123 20.1168
0.123906 18.0516
0.125664 14.8795
0.127397 15.6662
0.129107 13.5923
0.132461 9.23428
0.134107 13.2371
0.135732 12.1458
0.137339 11.0471
0.138926 12.0118
0.140496 9.15032
0.142049 8.74894
0.145104 2.43323
0.146608 7.75157
0.148096 7.5
0.14957 7.60247
0.151029 7.9829
0.152474 7.34902
0.153906 6.5781
0.15673 5.32022
0.158123 5.6954
0.159504 5.77912
0.160874 4.59713
0.163577 5.79777
0.164913 4.09889
0.167552 4.01838
0.168856 3.50831
0.170149 4.35491
0.171434 3.85563
0.172708 3.6292
0.173974 3.33523
0.17523 3.73047
0.177715 4.30605
0.178945 2.36723
0.180167 2.93829
0.18138 3.27728
0.182585 2.02841
0.183782 2.41536
0.184972 2.87646
0.187328 2.1925
0.188496 2.69185
0.190347 1.96744
0.191954 2.43634
0.193094 1.89454
0.194226 2.15847
0.196472 1.90472
0.197585 2.04175
0.199006 2.16794
0.201976 1.97522
0.203059 1.39661
0.205208 1.43662
0.206274 1.79764
0.207335 1.43034
0.20839 1.61045
0.210326 1.51643
0.211524 1.86623
0.213587 1.08544
0.214612 1.16242
0.215631 1.29297
0.216957 1.24334
0.218661 0.928573
0.219662 1.3906
0.223129 0.922294
0.224599 0.90751
0.22618 1.06092
0.22751 1.22959
0.229429 0.948617
0.230383 0.97749
0.231604 0.916396
0.23416 0.728102
0.235095 0.792464
0.236954 0.972125
0.238108 0.85467
0.239975 0.768179
0.241537 0.62985
0.242444 0.747186
0.244844 0.59813
0.246417 0.60004
0.248401 0.621968
0.249576 0.564506
0.251327 0.4916
0.252777 0.639439
0.254191 0.58039
0.25601 0.555022
0.258214 0.55155
0.2594 0.472976
0.26075 0.319288
0.262904 0.445799
0.265657 0.480951
0.266722 0.33256
0.268622 0.356669
0.269844 0.494159
0.271964 0.420735
0.273543 0.391921
0.275842 0.34901
0.277853 0.40607
0.279641 0.366914
0.28148 0.373875
0.282936 0.333682
0.285198 0.341224
0.286404 0.275683
0.288084 0.301032
0.291553 0.276603
0.292736 0.287626
0.294335 0.271998
0.296659 0.255583
0.298323 0.227296
0.300394 0.262735
0.302928 0.214924
0.304588 0.199591
0.305974 0.214774
0.308578 0.209289
0.310884 0.193452
0.312408 0.185636
0.314799 0.19281
0.317265 0.197596
0.319597 0.166076
0.320771 0.152105
0.3227 0.157992
0.32574 0.159458
0.32795 0.162065
0.330224 0.159676
0.331726 0.130725
0.333831 0.145404
0.336246 0.139975
0.338319 0.145285
0.341157 0.136417
0.343593 0.115276
0.346262 0.115261
0.347842 0.102566
0.350326 0.115363
0.352828 0.0999175
0.354442 0.107738
0.356776 0.0995039
0.359142 0.100838
0.361681 0.0878842
0.363857 0.0860916
0.366441 0.0814454
0.368657 0.0830954
0.371486 0.0815909
0.374587 0.0732547
0.376839 0.0753946
0.379079 0.0714711
0.38178 0.0572456
0.384712 0.071204
0.386663 0.0610964
0.389313 0.0650273
0.39167 0.0635441
0.394428 0.0647198
0.397811 0.0583
0.400019 0.0639755
0.402781 0.0562494
0.405015 0.0533017
0.40766 0.0545348
0.410865 0.046535
0.413244 0.0485651
0.416084 0.044336
0.418986 0.0473558
0.421544 0.0446757
0.424534 0.0423455
0.42751 0.0406385
0.430034 0.0391983
0.432751 0.0397957
0.436344 0.0323035
0.438896 0.0377801
0.44171 0.0319881
0.444585 0.0338203
0.447784 0.0331465
0.45034 0.0295357
0.453413 0.028732
0.456575 0.026883
0.459787 0.0284709
0.462622 0.0268589
0.465862 0.0267214
0.468802 0.0269155
0.471915 0.0247196
0.475472 0.0225189
0.478779 0.0234388
0.481919 0.0234523
0.484939 0.0212838
0.488502 0.0197273
0.491034 0.0196396
0.494348 0.0195689
0.497688 0.01845
0.500527 0.0194043
0.504331 0.0169199
0.507364 0.0172651
0.510774 0.0179525
0.514275 0.0159521
0.517978 0.0152315
0.521294 0.015553
0.524822 0.0143622
0.527973 0.0135235
0.531698 0.0137416
0.535226 0.0132991
0.539103 0.0119925
0.543 0.0114968
0.546011 0.0120294
0.549827 0.0113245
0.55369 0.0107804
0.557166 0.0112143
0.560475 0.0105293
0.564609 0.00983176
0.56859 0.00922981
0.572441 0.00878667
0.5763 0.00878665
0.580121 0.0087703
0.583625 0.00864332
0.587525 0.00830435
0.591428 0.00771307
0.595301 0.00780588
0.599624 0.00734625
0.603294 0.00728055
0.60771 0.00655118
0.611568 0.00693215
0.615779 0.00636976
0.619303 0.00624055
0.623194 0.00602174
0.627636 0.00590903
0.631826 0.00567657
0.635971 0.00542124
0.64039 0.00548482
0.644956 0.00478372
0.649302 0.00499863
0.653461 0.00505654
0.657644 0.00463213
0.662026 0.00454197
0.666685 0.00431256
0.670916 0.00428607
0.675462 0.00445945
0.679703 0.00392417
0.684292 0.00402609
0.688927 0.00368041
0.693468 0.00340617
0.698026 0.00344012
0.702952 0.00330994
0.707372 0.00315405
0.712317 0.00312406
0.716936 0.00310013
0.721869 0.00293443
0.726964 0.00266149
0.73163 0.0027603
0.736224 0.00271547
0.74119 0.00253358
0.746118 0.0024709
0.751313 0.00235255
0.756133 0.00235444
0.761156 0.00219476
0.766095 0.00217172
0.771205 0.00213096
0.776456 0.00197026
0.781432 0.00200778
0.786733 0.00193062
0.791574 0.00186181
0.797255 0.00182414
0.802676 0.00171218
0.808005 0.00168979
0.813482 0.00160427
0.818759 0.00158285
0.824173 0.00146865
0.829708 0.00148105
0.834919 0.00142384
0.840568 0.00137285
0.846479 0.00129101
0.851948 0.00130764
0.857592 0.00122188
0.863369 0.00122919
0.869182 0.00114217
0.874831 0.00111697
0.880682 0.00108936
0.886294 0.00106025
0.892352 0.00101284
0.898399 0.00103198
0.904229 0.000942766
0.910231 0.000936098
0.916513 0.000903541
0.922651 0.00085446
0.92895 0.00085519
0.935092 0.000798953
0.940995 0.000785655
0.947406 0.000754133
0.953652 0.000738381
0.960017 0.000711365
0.966595 0.000679539
0.972908 0.000659495
0.979222 0.000626989
0.985855 0.000611664
0.992666 0.000606783
0.998881 0.000604676
1.00551 0.00054748
1.01216 0.000542102
1.01908 0.000514789
1.02599 0.000500407
1.03271 0.000486267
1.03948 0.000461607
1.04641 0.000457768
1.05346 0.000435856
1.06036 0.00043156
1.0676 0.000418628
1.07471 0.000393467
1.08175 0.000385523
1.08895 0.000377156
1.09637 0.000358749
1.10369 0.000350663
1.11092 0.000333267
1.1181 0.000333197
1.12573 0.000331121
1.1332 0.000306904
1.14081 0.000297102
1.14829 0.000289579
1.15605 0.000274274
1.16374 0.000270311
1.1717 0.000268112
1.17935 0.000251216
1.18713 0.000238174
1.195 0.000238073
1.20281 0.000232254
1.21088 0.00022084
1.21904 0.000211897
1.22715 0.000205123
1.23533 0.000198955
1.24354 0.000193942
1.25174 0.000185505
1.26013 0.000179003
1.26845 0.00017296
1.27706 0.000168669
1.28545 0.000165162
1.29387 0.000155077
1.3027 0.000155372
1.31143 0.000151048
1.3202 0.000142865
1.32891 0.00013576
1.33775 0.000132951
1.34663 0.000128352
1.35548 0.000125249
1.3645 0.000120489
1.37362 0.000118168
1.38289 0.000113995
1.39214 0.000107629
1.40146 0.000105939
1.41076 0.000101019
1.42016 9.84218e-05
1.42955 9.62774e-05
1.43897 9.10115e-05
1.44856 8.93326e-05
1.45815 8.54183e-05
1.46783 8.31179e-05
1.47755 8.07698e-05
1.48753 7.82914e-05
1.4975 7.46874e-05
1.50759 7.13651e-05
1.51744 6.98102e-05
1.52762 6.7891e-05
1.53782 6.58407e-05
1.54798 6.34338e-05
1.55817 6.09222e-05
1.56867 5.92952e-05
1.579 5.7415e-05
1.58955 5.49817e-05
1.60018 5.30712e-05
1.61084 5.14598e-05
1.62148 4.99659e-05
1.63242 4.78649e-05
1.64322 4.67532e-05
1.65411 4.54411e-05
1.66512 4.37129e-05
1.67627 4.26005e-05
1.68736 4.08899e-05
1.69863 3.95747e-05
1.70994 3.79091e-05
1.72135 3.67913e-05
1.73279 3.54274e-05
1.74428 3.41794e-05
1.75588 3.32895e-05
1.76756 3.15479e-05
1.77941 3.1375e-05
1.79124 2.99903e-05
1.80325 2.898e-05
1.81507 2.80844e-05
1.82722 2.71932e-05
1.83948 2.62314e-05
1.85166 2.54621e-05
1.86408 2.40948e-05
1.87633 2.32448e-05
1.88886 2.28672e-05
1.90144 2.18994e-05
1.914 2.14331e-05
1.92679 2.0293e-05
1.93957 1.98731e-05
1.95256 1.89167e-05
1.96563 1.82577e-05
1.97869 1.79201e-05
1.99179 1.70689e-05
2.00509 1.64388e-05
2.01846 1.59907e-05
2.03193 1.55402e-05
2.04528 1.48872e-05
2.05892 1.41791e-05
2.07279 1.38551e-05
2.0865 1.34042e-05
2.10039 1.29406e-05
2.11443 1.24772e-05
2.12845 1.21595e-05
2.14263 1.16701e-05
2.15695 1.13124e-05
2.17119 1.09613e-05
2.18567 1.06122e-05
2.20036 1.01589e-05
2.21494 9.73735e-06
2.22958 9.49761e-06
2.24445 9.15824e-06
2.25936 8.81862e-06
2.27439 8.51674e-06
2.28969 8.29949e-06
2.30493 7.96087e-06
2.32027 7.66534e-06
2.33573 7.43047e-06
2.35122 7.15468e-06
2.3669 6.95064e-06
2.38266 6.60809e-06
2.39847 6.42653e-06
2.41442 6.19962e-06
2.43055 6.0119e-06
2.44673 5.7791e-06
2.4629 5.63365e-06
2.47932 5.4266e-06
2.4959 5.21438e-06
2.51254 5.0113e-06
2.52927 4.83627e-06
2.54604 4.66372e-06
2.56299 4.48864e-06
2.58009 4.35432e-06
2.5973 4.15174e-06
2.61455 4.02948e-06
2.63195 3.90586e-06
2.64948 3.74097e-06
2.66707 3.62256e-06
2.68485 3.50419e-06
2.70286 3.38853e-06
2.72085 3.23201e-06
2.73892 3.12658e-06
2.75712 3.01971e-06
2.77543 2.91203e-06
2.79389 2.79262e-06
2.81251 2.70352e-06
2.83127 2.61961e-06
2.85007 2.50527e-06
2.86897 2.42624e-06
2.88818 2.33578e-06
2.90739 2.25439e-06
2.92669 2.16546e-06
2.94616 2.09421e-06
2.96573 2.0151e-06
2.98548 1.93949e-06
3.00539 1.87574e-06
3.02539 1.80231e-06
3.04557 1.73019e-06
3.06592 1.67262e-06
3.0863 1.60783e-06
3.10684 1.55352e-06
3.12756 1.48793e-06
3.1484 1.43314e-06
3.16935 1.38584e-06
3.19042 1.33649e-06
3.21172 1.28333e-06
3.2331 1.23711e-06
3.25451 1.18828e-06
3.27615 1.15035e-06
3.2979 1.10601e-06
3.31984 1.06337e-06
3.34198 1.02538e-06
3.3643 9.82942e-07
3.38673 9.46185e-07
3.40918 9.13642e-07
3.43196 8.77944e-07
3.45493 8.5026e-07
3.47788 8.16647e-07
3.50098 7.87681e-07
3.52428 7.5807e-07
3.54776 7.29193e-07
3.5713 7.03682e-07
3.59506 6.76098e-07
3.61902 6.49363e-07
3.64313 6.26243e-07
3.66736 6.04993e-07
3.69182 5.80088e-07
3.71639 5.60153e-07
3.7411 5.38227e-07
3.76602 5.16036e-07
3.7911 4.99986e-07
3.81637 4.8024e-07
3.8418 4.63034e-07
3.8673 4.42968e-07
3.89298 4.29109e-07
3.91895 4.1212e-07
3.94503 3.97185e-07
3.97125 3.82549e-07
3.99772 3.68254e-07
4.02443 3.535e-07
4.05121 3.41514e-07
4.07809 3.27968e-07
4.10526 3.16019e-07
4.13259 3.03848e-07
4.16008 2.92735e-07
4.18785 2.80891e-07
4.21573 2.7042e-07
4.24371 2.60693e-07
4.27197 2.50749e-07
4.30044 2.41937e-07
4.32905 2.32586e-07
4.35788 2.2448e-07
4.38688 2.15363e-07
4.41605 2.0754e-07
4.44546 2.00157e-07
4.47509 1.926e-07
4.50493 1.84713e-07
4.53494 1.78007e-07
4.56506 1.70962e-07
4.59545 1.64681e-07
4.62609 1.58571e-07
4.65691 1.52382e-07
4.68789 1.46212e-07
4.71906 1.41073e-07
4.75048 1.3564e-07
4.78209 1.3005e-07
4.8139 1.25603e-07
4.84595 1.20601e-07
4.87821 1.16248e-07
4.91071 1.11829e-07
4.94338 1.07749e-07
4.97629 1.03427e-07
5.00945 9.94682e-08
5.04276 9.61124e-08
5.07626 9.21665e-08
5.1101 8.86355e-08
5.14418 8.53085e-08
5.1784 8.22264e-08
5.21287 7.90717e-08
5.24757 7.59156e-08
5.2825 7.31855e-08
5.31768 7.03358e-08
5.35308 6.7584e-08
5.38871 6.49709e-08
5.42459 6.26178e-08
5.46071 6.02048e-08
5.49705 5.80643e-08
5.53363 5.554e-08
5.57046 5.35533e-08
5.60749 5.15255e-08
5.64482 4.93997e-08
5.68244 4.76649e-08
5.72029 4.58388e-08
5.7584 4.40846e-08
5.79671 4.23894e-08
5.83528 4.07431e-08
5.87416 3.91756e-08
5.91325 3.77289e-08
5.95258 3.62554e-08
5.99221 3.48627e-08
6.03213 3.35415e-08
6.07232 3.22577e-08
6.11272 3.09789e-08
6.15341 2.97624e-08
6.1944 2.86271e-08
6.23563 2.75712e-08
6.27716 2.64875e-08
6.31895 2.54931e-08
6.36099 2.45105e-08
6.40334 2.35482e-08
6.44597 2.26398e-08
6.48883 2.18131e-08
6.53202 2.0974e-08
6.57553 2.01235e-08
6.61931 1.93524e-08
6.66339 1.86156e-08
6.70776 1.79189e-08
6.7524 1.72308e-08
6.79737 1.65479e-08
6.84263 1.59082e-08
6.88816 1.53083e-08
6.93399 1.4735e-08
6.98015 1.41532e-08
7.02663 1.36181e-08
7.0734 1.3092e-08
7.12047 1.2592e-08
7.16789 1.21188e-08
7.21564 1.16646e-08
7.26365 1.11852e-08
7.312 1.07585e-08
7.36069 1.03357e-08
7.40968 9.92301e-09
7.459 9.55639e-09
7.50862 9.19967e-09
7.5586 8.84997e-09
7.60894 8.50084e-09
7.65961 8.18222e-09
7.7106 7.85982e-09
7.76192 7.56626e-09
7.81363 7.27182e-09
7.86566 6.98069e-09
7.91801 6.72917e-09
7.97072 6.48657e-09
8.02376 6.21842e-09
8.07717 5.99146e-09
8.13095 5.76889e-09
8.18507 5.54244e-09
8.23956 5.32667e-09
8.29442 5.12249e-09
8.34962 4.92385e-09
8.40521 4.73597e-09
8.46119 4.56407e-09
8.51752 4.38982e-09
8.57417 4.21996e-09
8.63126 4.06694e-09
8.68876 3.90928e-09
8.74657 3.76573e-09
8.80479 3.6272e-09
8.86345 3.49489e-09
8.92244 3.36262e-09
8.98183 3.24418e-09
9.04164 3.12577e-09
9.10181 3.00484e-09
9.1624 2.89716e-09
9.22341 2.79669e-09
9.28477 2.69463e-09
9.34659 2.60248e-09
9.40883 2.50652e-09
9.47148 2.41876e-09
9.53453 2.33386e-09
9.59797 2.25485e-09
9.66188 2.18017e-09
9.72619 2.10694e-09
9.79093 2.03489e-09
9.85612 1.96977e-09
9.92173 1.90187e-09
9.98778 1.84212e-09
10.0543 1.7833e-09
10.1212 1.7261e-09
10.1886 1.67358e-09
10.2564 1.62474e-09
10.3247 1.57532e-09
10.3934 1.52924e-09
10.4626 1.48564e-09
10.5323 1.44644e-09
10.6024 1.40657e-09
10.6729 1.37114e-09
10.7439 1.33096e-09
10.8154 1.28268e-09
10.8874 1.2365e-09
10.9599 1.19141e-09
11.0329 1.14817e-09
11.1063 1.10589e-09
11.1802 1.06769e-09
11.2546 1.02841e-09
11.3296 9.93371e-10
11.405 9.57613e-10
11.4809 9.24037e-10
11.5573 8.92448e-10
11.6343 8.62246e-10
11.7117 8.329e-10
11.7897 8.03958e-10
11.8682 7.76142e-10
11.9472 7.49589e-10
12.0267 7.24227e-10
12.1068 6.99832e-10
12.1874 6.76742e-10
12.2685 6.54769e-10
12.3502 6.32992e-10
12.4324 6.12815e-10
12.5151 5.93539e-10
12.5985 5.74748e-10
12.6823 5.57581e-10
12.7667 5.40541e-10
12.8517 5.23883e-10
12.9373 5.08607e-10
13.0234 4.94003e-10
13.1101 4.79388e-10
13.1973 4.65951e-10
13.2852 4.5291e-10
13.3736 4.40798e-10
13.4626 4.29493e-10
13.5522 4.18518e-10
13.6424 4.08122e-10
13.7332 3.98078e-10
13.8247 3.89134e-10
13.9167 3.80664e-10
14.0093 3.7224e-10
14.1025 3.63989e-10
14.1964 3.56933e-10
14.2909 3.49882e-10
14.386 3.42368e-10
14.4818 3.35632e-10
14.5781 3.29268e-10
14.6751 3.22811e-10
14.7727 3.15707e-10
14.8711 3.09353e-10
14.97 3.01357e-10
15.0695 2.91907e-10
15.1698 2.80923e-10
15.2709 2.71477e-10
15.3726 2.63189e-10
15.4749 2.56288e-10
15.5779 2.50017e-10
15.6816 2.43843e-10
15.786 2.38894e-10
15.8911 2.33818e-10
15.9968 2.29558e-10
16.1033 2.25724e-10
16.2104 2.21915e-10
16.3183 2.19302e-10
16.4269 2.17107e-10
16.5362 2.14622e-10
16.6462 2.13974e-10
16.757 2.12934e-10
16.8685 2.12439e-10
16.9806 2.13442e-10
17.0936 2.13298e-10
17.2072 2.15254e-10
17.3216 2.16663e-10
17.4366 2.19601e-10
17.5525 2.23514e-10
17.6693 2.26173e-10
17.7861 2.32723e-10
17.9035 2.3808e-10
18.0221 2.46271e-10
18.1408 2.56326e-10
18.2586 2.66013e-10
18.374 2.78018e-10
18.4789 2.75644e-10
