# in Mpc/h Units 
# (k P_nu(k))
# a= 0.0154221
# nk = 757
0.020944 0.580857
0.0296192 0.00846767
0.036276 0.0054738
0.0418879 0.00383109
0.0468321 0.00287342
0.051302 0.00226774
0.0592384 0.00154697
0.0628319 0.0013076
0.0662306 0.00111054
0.0694632 0.000949302
0.072552 0.000814623
0.0755145 0.000694033
0.0783651 0.000598115
0.0837758 0.00045067
0.0863541 0.000388711
0.0888577 0.000339642
0.0912926 0.000300066
0.0936642 0.000267695
0.0959772 0.000237693
0.0982358 0.000213887
0.102604 0.000177933
0.10472 0.000162725
0.106794 0.000150155
0.108828 0.000138798
0.112787 0.000121999
0.114715 0.00011426
0.118477 0.000101302
0.120314 9.55591e-05
0.122123 8.97634e-05
0.123906 8.43118e-05
0.125664 7.9237e-05
0.127397 7.47181e-05
0.129107 7.0165e-05
0.132461 6.1697e-05
0.134107 5.88107e-05
0.135732 5.53543e-05
0.137339 5.20805e-05
0.138926 4.9174e-05
0.140496 4.59213e-05
0.142049 4.32052e-05
0.145104 3.7685e-05
0.146608 3.63153e-05
0.148096 3.43408e-05
0.14957 3.24982e-05
0.151029 3.07628e-05
0.152474 2.93661e-05
0.153906 2.77959e-05
0.15673 2.53073e-05
0.158123 2.40346e-05
0.159504 2.2982e-05
0.160874 2.20002e-05
0.163577 2.04334e-05
0.164913 8.45763e-05
0.167552 1.79767e-05
0.168856 1.75307e-05
0.170149 1.69875e-05
0.171434 1.64489e-05
0.172708 1.5905e-05
0.173974 1.52455e-05
0.17523 1.48478e-05
0.177715 1.41445e-05
0.178945 1.3506e-05
0.180167 1.32551e-05
0.18138 1.28929e-05
0.182585 1.24273e-05
0.183782 1.20845e-05
0.184972 1.16881e-05
0.187328 1.09571e-05
0.188496 1.0795e-05
0.190347 1.01595e-05
0.191954 9.77925e-06
0.193094 9.38454e-06
0.194226 9.13784e-06
0.196472 8.6374e-06
0.197585 8.38038e-06
0.199006 8.07186e-06
0.201976 7.41291e-06
0.203059 7.11295e-06
0.205208 6.68251e-06
0.206274 6.52208e-06
0.207335 6.30368e-06
0.20839 6.15452e-06
0.210326 1.95513e-05
0.211524 5.66136e-06
0.213587 5.28323e-06
0.214612 5.12532e-06
0.215631 5.03507e-06
0.216957 4.83214e-06
0.218661 4.63229e-06
0.219662 4.55008e-06
0.223129 4.15386e-06
0.224599 3.99725e-06
0.22618 3.8906e-06
0.22751 3.78655e-06
0.229429 3.55479e-06
0.230383 3.55207e-06
0.231604 3.45589e-06
0.23416 3.26161e-06
0.235095 3.18574e-06
0.236954 3.07631e-06
0.238108 3.02075e-06
0.239975 2.91098e-06
0.241537 2.80209e-06
0.242444 2.7346e-06
0.244844 7.5722e-06
0.246417 2.53461e-06
0.248401 2.44598e-06
0.249576 2.3761e-06
0.251327 2.28335e-06
0.252777 2.21925e-06
0.254191 2.16847e-06
0.25601 2.0924e-06
0.258214 1.96732e-06
0.2594 1.92047e-06
0.26075 1.8436e-06
0.262904 1.78414e-06
0.265657 1.66696e-06
0.266722 1.6298e-06
0.268622 1.56668e-06
0.269844 1.53526e-06
0.271964 1.46094e-06
0.273543 3.742e-06
0.275842 1.3362e-06
0.277853 1.31585e-06
0.279641 1.24623e-06
0.28148 1.21245e-06
0.282936 1.16157e-06
0.285198 1.12201e-06
0.286404 1.0921e-06
0.288084 1.05177e-06
0.291553 9.8626e-07
0.292736 9.78439e-07
0.294335 9.39764e-07
0.296659 8.97472e-07
0.298323 8.72599e-07
0.300394 2.10394e-06
0.302928 8.03982e-07
0.304588 7.86576e-07
0.305974 7.67398e-07
0.308578 7.32955e-07
0.310884 7.01135e-07
0.312408 6.7971e-07
0.314799 6.56288e-07
0.317265 6.34075e-07
0.319597 6.01214e-07
0.320771 5.85707e-07
0.3227 5.70379e-07
0.32574 5.41544e-07
0.32795 5.19839e-07
0.330224 4.99503e-07
0.331726 4.86617e-07
0.333831 4.69176e-07
0.336246 4.47987e-07
0.338319 4.31228e-07
0.341157 4.1198e-07
0.343593 3.93619e-07
0.346262 8.77314e-07
0.347842 3.67006e-07
0.350326 3.55332e-07
0.352828 3.36842e-07
0.354442 3.28241e-07
0.356776 3.18539e-07
0.359142 3.06033e-07
0.361681 2.95695e-07
0.363857 2.86839e-07
0.366441 6.19765e-07
0.368657 2.67169e-07
0.371486 2.56551e-07
0.374587 2.4107e-07
0.376839 2.35463e-07
0.379079 2.28779e-07
0.38178 2.17559e-07
0.384712 2.07953e-07
0.386663 4.42891e-07
0.389313 1.94794e-07
0.39167 1.8849e-07
0.394428 1.81261e-07
0.397811 1.71228e-07
0.400019 1.67056e-07
0.402781 1.60898e-07
0.405015 3.30094e-07
0.40766 1.49095e-07
0.410865 1.41682e-07
0.413244 1.37711e-07
0.416084 1.32053e-07
0.418986 1.27983e-07
0.421544 1.23015e-07
0.424534 2.4428e-07
0.42751 1.12368e-07
0.430034 1.09532e-07
0.432751 1.05978e-07
0.436344 1.01254e-07
0.438896 9.72742e-08
0.44171 1.87117e-07
0.444585 8.96152e-08
0.447784 8.64162e-08
0.45034 8.33584e-08
0.453413 7.98834e-08
0.456575 1.48468e-07
0.459787 7.40295e-08
0.462622 7.08188e-08
0.465862 6.85789e-08
0.468802 6.60859e-08
0.471915 6.34723e-08
0.475472 6.08078e-08
0.478779 5.84677e-08
0.481919 5.63541e-08
0.484939 5.39377e-08
0.488502 9.51674e-08
0.491034 5.01971e-08
0.494348 4.82413e-08
0.497688 4.64488e-08
0.500527 4.50433e-08
0.504331 7.61378e-08
0.507364 4.15214e-08
0.510774 3.98362e-08
0.514275 3.8357e-08
0.517978 6.29723e-08
0.521294 3.53095e-08
0.524822 3.37861e-08
0.527973 3.29242e-08
0.531698 5.25236e-08
0.535226 3.02517e-08
0.539103 2.9046e-08
0.543 2.78244e-08
0.546011 4.41882e-08
0.549827 2.57019e-08
0.55369 2.47625e-08
0.557166 2.36784e-08
0.560475 3.72779e-08
0.564609 2.20744e-08
0.56859 2.11068e-08
0.572441 3.23277e-08
0.5763 1.95083e-08
0.580121 1.86287e-08
0.583625 1.80921e-08
0.587525 1.73591e-08
0.591428 1.67538e-08
0.595301 1.60141e-08
0.599624 2.37878e-08
0.603294 1.4844e-08
0.60771 1.42209e-08
0.611568 2.09278e-08
0.615779 1.30785e-08
0.619303 1.26231e-08
0.623194 1.85644e-08
0.627636 1.16833e-08
0.631826 1.12249e-08
0.635971 1.62885e-08
0.64039 1.03976e-08
0.644956 9.94833e-09
0.649302 9.51475e-09
0.653461 9.1712e-09
0.657644 1.32231e-08
0.662026 8.50794e-09
0.666685 8.12647e-09
0.670916 1.16559e-08
0.675462 7.50198e-09
0.679703 7.24001e-09
0.684292 6.92236e-09
0.688927 6.64839e-09
0.693468 9.43943e-09
0.698026 6.16569e-09
0.702952 8.70534e-09
0.707372 5.66064e-09
0.712317 7.97644e-09
0.716936 5.2537e-09
0.721869 7.31865e-09
0.726964 4.80831e-09
0.73163 4.58705e-09
0.736224 6.46471e-09
0.74119 4.28252e-09
0.746118 5.94867e-09
0.751313 3.9206e-09
0.756133 5.45351e-09
0.761156 3.63039e-09
0.766095 3.50014e-09
0.771205 4.74327e-09
0.776456 3.2344e-09
0.781432 4.3713e-09
0.786733 2.9751e-09
0.791574 4.0026e-09
0.797255 2.75621e-09
0.802676 3.65446e-09
0.808005 2.51575e-09
0.813482 3.34263e-09
0.818759 3.19771e-09
0.824173 2.2456e-09
0.829708 2.90902e-09
0.834919 2.07605e-09
0.840568 1.99495e-09
0.846479 2.54341e-09
0.851948 1.8252e-09
0.857592 2.33152e-09
0.863369 2.23169e-09
0.869182 1.61611e-09
0.874831 2.05525e-09
0.880682 1.94957e-09
0.886294 1.43028e-09
0.892352 1.78924e-09
0.898399 1.71184e-09
0.904229 1.2735e-09
0.910231 1.21702e-09
0.916513 1.50393e-09
0.922651 1.42952e-09
0.92895 1.37246e-09
0.935092 1.03416e-09
0.940995 1.26477e-09
0.947406 9.53755e-10
0.953652 1.15757e-09
0.960017 8.74651e-10
0.966595 1.0583e-09
0.972908 8.08518e-10
0.979222 9.69242e-10
0.985855 9.35239e-10
0.992666 8.94107e-10
0.998881 8.57253e-10
1.00551 8.22662e-10
1.01216 6.35021e-10
1.01908 7.53092e-10
1.02599 7.24666e-10
1.03271 5.60127e-10
1.03948 6.66801e-10
1.04641 6.40623e-10
1.05346 6.11634e-10
1.06036 5.8701e-10
1.0676 5.63025e-10
1.07471 5.38862e-10
1.08175 5.14891e-10
1.08895 4.02927e-10
1.09637 4.74093e-10
1.10369 4.54352e-10
1.11092 4.34468e-10
1.1181 4.16897e-10
1.12573 3.9958e-10
1.1332 3.82382e-10
1.14081 3.02336e-10
1.14829 3.50064e-10
1.15605 3.34615e-10
1.16374 3.22027e-10
1.1717 2.56186e-10
1.17935 2.93694e-10
1.18713 2.80373e-10
1.195 2.682e-10
1.20281 2.56603e-10
1.21088 2.47375e-10
1.21904 2.35745e-10
1.22715 2.26042e-10
1.23533 2.16453e-10
1.24354 2.06115e-10
1.25174 1.97334e-10
1.26013 1.8982e-10
1.26845 1.81337e-10
1.27706 1.74099e-10
1.28545 1.66664e-10
1.29387 1.37542e-10
1.3027 1.52788e-10
1.31143 1.46052e-10
1.3202 1.40225e-10
1.32891 1.33783e-10
1.33775 1.27177e-10
1.34663 1.23734e-10
1.35548 1.17693e-10
1.3645 1.129e-10
1.37362 1.08471e-10
1.38289 1.03648e-10
1.39214 9.90968e-11
1.40146 9.53971e-11
1.41076 9.1285e-11
1.42016 8.75357e-11
1.42955 8.36205e-11
1.43897 8.06992e-11
1.44856 7.67318e-11
1.45815 7.37964e-11
1.46783 7.05538e-11
1.47755 6.76574e-11
1.48753 6.4976e-11
1.4975 6.20188e-11
1.50759 5.94e-11
1.51744 5.67899e-11
1.52762 5.43575e-11
1.53782 5.22417e-11
1.54798 4.99537e-11
1.55817 4.79274e-11
1.56867 4.59296e-11
1.579 4.38882e-11
1.58955 4.18356e-11
1.60018 4.01052e-11
1.61084 3.8374e-11
1.62148 3.69897e-11
1.63242 3.52619e-11
1.64322 3.37591e-11
1.65411 3.23299e-11
1.66512 3.08939e-11
1.67627 2.96495e-11
1.68736 2.85641e-11
1.69863 2.71316e-11
1.70994 2.62053e-11
1.72135 2.50399e-11
1.73279 2.39539e-11
1.74428 2.29812e-11
1.75588 2.19946e-11
1.76756 2.10984e-11
1.77941 2.02273e-11
1.79124 1.93584e-11
1.80325 1.85087e-11
1.81507 1.77904e-11
1.82722 1.69448e-11
1.83948 1.63385e-11
1.85166 1.56334e-11
1.86408 1.49581e-11
1.87633 1.43225e-11
1.88886 1.37165e-11
1.90144 1.3129e-11
1.914 1.26253e-11
1.92679 1.20744e-11
1.93957 1.15554e-11
1.95256 1.10733e-11
1.96563 1.05886e-11
1.97869 1.01581e-11
1.99179 9.71179e-12
2.00509 9.29132e-12
2.01846 8.8938e-12
2.03193 8.54577e-12
2.04528 8.18101e-12
2.05892 7.83487e-12
2.07279 7.50158e-12
2.0865 7.19395e-12
2.10039 6.91348e-12
2.11443 6.57516e-12
2.12845 6.3269e-12
2.14263 6.05495e-12
2.15695 5.79619e-12
2.17119 5.54815e-12
2.18567 5.3206e-12
2.20036 5.11767e-12
2.21494 4.87382e-12
2.22958 4.66549e-12
2.24445 4.47687e-12
2.25936 4.29771e-12
2.27439 4.1183e-12
2.28969 3.94422e-12
2.30493 3.77749e-12
2.32027 3.60884e-12
2.33573 3.45554e-12
2.35122 3.32696e-12
2.3669 3.17939e-12
2.38266 3.04113e-12
2.39847 2.91617e-12
2.41442 2.78275e-12
2.43055 2.67281e-12
2.44673 2.56981e-12
2.4629 2.45632e-12
2.47932 2.35309e-12
2.4959 2.25031e-12
2.51254 2.15652e-12
2.52927 2.06778e-12
2.54604 1.97976e-12
2.56299 1.89924e-12
2.58009 1.81896e-12
2.5973 1.73927e-12
2.61455 1.66492e-12
2.63195 1.59621e-12
2.64948 1.53182e-12
2.66707 1.4693e-12
2.68485 1.40619e-12
2.70286 1.34605e-12
2.72085 1.28897e-12
2.73892 1.2347e-12
2.75712 1.18546e-12
2.77543 1.13521e-12
2.79389 1.08814e-12
2.81251 1.04289e-12
2.83127 9.97652e-13
2.85007 9.52929e-13
2.86897 9.15522e-13
2.88818 8.77242e-13
2.90739 8.39009e-13
2.92669 8.05097e-13
2.94616 7.72723e-13
2.96573 7.39421e-13
2.98548 7.0979e-13
3.00539 6.7838e-13
3.02539 6.49144e-13
3.04557 6.2462e-13
3.06592 5.94547e-13
3.0863 5.71859e-13
3.10684 5.48511e-13
3.12756 5.25084e-13
3.1484 5.02687e-13
3.16935 4.83885e-13
3.19042 4.6266e-13
3.21172 4.42337e-13
3.2331 4.25319e-13
3.25451 4.06781e-13
3.27615 3.90117e-13
3.2979 3.73284e-13
3.31984 3.58555e-13
3.34198 3.43502e-13
3.3643 3.28152e-13
3.38673 3.15015e-13
3.40918 3.0246e-13
3.43196 2.90492e-13
3.45493 2.77248e-13
3.47788 2.65842e-13
3.50098 2.54991e-13
3.52428 2.44793e-13
3.54776 2.34556e-13
3.5713 2.24563e-13
3.59506 2.15274e-13
3.61902 2.06929e-13
3.64313 1.97775e-13
3.66736 1.89779e-13
3.69182 1.82265e-13
3.71639 1.74059e-13
3.7411 1.67685e-13
3.76602 1.61157e-13
3.7911 1.54163e-13
3.81637 1.47823e-13
3.8418 1.42149e-13
3.8673 1.36179e-13
3.89298 1.30059e-13
3.91895 1.25087e-13
3.94503 1.20022e-13
3.97125 1.15029e-13
3.99772 1.10397e-13
4.02443 1.06126e-13
4.05121 1.01799e-13
4.07809 9.74001e-14
4.10526 9.36536e-14
4.13259 8.99812e-14
4.16008 8.62646e-14
4.18785 8.27748e-14
4.21573 7.9592e-14
4.24371 7.64546e-14
4.27197 7.34295e-14
4.30044 7.02821e-14
4.32905 6.76302e-14
4.35788 6.50062e-14
4.38688 6.24948e-14
4.41605 6.01045e-14
4.44546 5.77159e-14
4.47509 5.55124e-14
4.50493 5.32665e-14
4.53494 5.1281e-14
4.56506 4.93269e-14
4.59545 4.7365e-14
4.62609 4.5675e-14
4.65691 4.3844e-14
4.68789 4.23011e-14
4.71906 4.06526e-14
4.75048 3.91942e-14
4.78209 3.76997e-14
4.8139 3.63318e-14
4.84595 3.49613e-14
4.87821 3.37031e-14
4.91071 3.24742e-14
4.94338 3.13737e-14
4.97629 3.02287e-14
5.00945 2.91227e-14
5.04276 2.81611e-14
5.07626 2.71328e-14
5.1101 2.62314e-14
5.14418 2.53075e-14
5.1784 2.44773e-14
5.21287 2.36845e-14
5.24757 2.28912e-14
5.2825 2.21931e-14
5.31768 2.14276e-14
5.35308 2.07674e-14
5.38871 2.00902e-14
5.42459 1.94815e-14
5.46071 1.89034e-14
5.49705 1.83396e-14
5.53363 1.77565e-14
5.57046 1.7282e-14
5.60749 1.68041e-14
5.64482 1.63475e-14
5.68244 1.58878e-14
5.72029 1.54459e-14
5.7584 1.5077e-14
5.79671 1.47034e-14
5.83528 1.4343e-14
5.87416 1.40144e-14
5.91325 1.36881e-14
5.95258 1.33764e-14
5.99221 1.30714e-14
6.03213 1.28414e-14
6.07232 1.25874e-14
6.11272 1.23372e-14
6.15341 1.21043e-14
6.1944 1.18939e-14
6.23563 1.17185e-14
6.27716 1.15155e-14
6.31895 1.13596e-14
6.36099 1.12024e-14
6.40334 1.10566e-14
6.44597 1.09169e-14
6.48883 1.08156e-14
6.53202 1.07084e-14
6.57553 1.06046e-14
6.61931 1.05635e-14
6.66339 1.04964e-14
6.70776 1.04417e-14
6.7524 1.03908e-14
6.79737 1.03728e-14
6.84263 1.03532e-14
6.88816 1.03089e-14
6.93399 1.03765e-14
6.98015 1.03943e-14
7.02663 1.04336e-14
7.0734 1.04702e-14
7.12047 1.05205e-14
7.16789 1.06445e-14
7.21564 1.06826e-14
7.26365 1.0778e-14
7.312 1.09484e-14
7.36069 1.10763e-14
7.40968 1.11388e-14
7.459 1.14359e-14
7.50862 1.15629e-14
7.5586 1.17473e-14
7.60894 1.20656e-14
7.65961 1.22425e-14
7.7106 1.25737e-14
7.76192 1.28229e-14
7.81363 1.31925e-14
7.86566 1.35145e-14
7.91801 1.39851e-14
7.97072 1.43393e-14
8.02376 1.4861e-14
8.07717 1.52538e-14
8.13095 1.59248e-14
8.18507 1.64094e-14
8.23956 1.71595e-14
8.29442 1.78059e-14
8.34962 1.83998e-14
8.40521 1.95708e-14
8.46119 2.03287e-14
8.51752 2.11314e-14
8.57417 2.26173e-14
8.63126 2.36901e-14
8.68876 2.49282e-14
8.74657 2.63004e-14
8.80479 2.83631e-14
8.86345 3.004e-14
8.92244 3.19898e-14
8.98183 3.42341e-14
9.04164 3.65883e-14
9.10181 3.9226e-14
9.1624 4.30315e-14
9.22341 4.70694e-14
9.28477 5.13242e-14
9.34659 5.57542e-14
9.40883 6.16747e-14
9.47148 6.81381e-14
9.53453 7.57891e-14
9.59797 8.48843e-14
9.66188 9.54777e-14
9.72619 1.08617e-13
9.79093 1.24797e-13
9.85612 1.48824e-13
9.92173 1.76678e-13
9.98778 2.06422e-13
10.0543 2.43547e-13
10.1212 2.91715e-13
10.1886 3.92063e-13
10.2564 5.22876e-13
10.3247 6.4984e-13
10.3934 8.53107e-13
10.4626 1.60099e-12
10.5323 2.03528e-12
10.6024 3.39072e-12
10.6729 7.96031e-12
10.7439 1.65618e-11
10.8154 7.04943e-15
10.8874 5.01016e-15
10.9599 4.3156e-15
11.0329 3.98793e-15
11.1063 3.82073e-15
11.1802 3.74075e-15
11.2546 3.72025e-15
11.3296 3.74385e-15
11.405 3.81074e-15
11.4809 3.90268e-15
11.5573 4.02759e-15
11.6343 4.19423e-15
11.7117 4.38676e-15
11.7897 4.60745e-15
11.8682 4.87262e-15
11.9472 5.17597e-15
12.0267 5.52374e-15
12.1068 5.92789e-15
12.1874 6.38463e-15
12.2685 6.90122e-15
12.3502 7.51928e-15
12.4324 8.20223e-15
12.5151 9.00679e-15
12.5985 9.95686e-15
12.6823 1.10148e-14
12.7667 1.23022e-14
12.8517 1.38252e-14
12.9373 1.55343e-14
13.0234 1.76336e-14
13.1101 2.0134e-14
13.1973 2.30478e-14
13.2852 2.67252e-14
13.3736 3.12478e-14
13.4626 3.66908e-14
13.5522 4.35632e-14
13.6424 5.22013e-14
13.7332 6.33593e-14
13.8247 7.73643e-14
13.9167 9.53029e-14
14.0093 1.21172e-13
14.1025 1.55842e-13
14.1964 2.00813e-13
14.2909 2.71518e-13
14.386 3.69601e-13
14.4818 5.17352e-13
14.5781 7.64966e-13
14.6751 1.18969e-12
14.7727 1.78016e-12
14.8711 3.4328e-12
14.97 6.67387e-12
15.0695 1.18574e-11
15.1698 1.81657e-11
15.2709 8.2647e-15
15.3726 9.32614e-15
15.4749 1.0843e-14
15.5779 1.28085e-14
15.6816 1.52643e-14
15.786 1.84124e-14
15.8911 2.24388e-14
15.9968 2.74546e-14
16.1033 3.40687e-14
16.2104 4.27046e-14
16.3183 5.42915e-14
16.4269 6.93785e-14
16.5362 9.0261e-14
16.6462 1.1898e-13
16.757 1.60336e-13
16.8685 2.18943e-13
16.9806 3.0457e-13
17.0936 4.36566e-13
17.2072 6.38269e-13
17.3216 9.69377e-13
17.4366 1.51382e-12
17.5525 2.51598e-12
17.6693 4.30011e-12
17.7861 7.76792e-12
17.9035 1.57299e-11
18.0221 3.53618e-11
18.1408 9.15692e-11
18.2586 2.93752e-10
18.374 1.36719e-09
18.4789 1.53866e-08
