# in Mpc/h Units 
# (k P_nu(k))
# a= 0.0257184
# nk = 757
0.020944 1.50358
0.0296192 0.233806
0.036276 0.125866
0.0418879 0.077502
0.0468321 0.0528601
0.051302 0.0387459
0.0592384 0.023708
0.0628319 0.0192272
0.0662306 0.0157541
0.0694632 0.0130629
0.072552 0.0109242
0.0755145 0.00906702
0.0783651 0.00765056
0.0837758 0.00558116
0.0863541 0.00472301
0.0888577 0.00406661
0.0912926 0.00354985
0.0936642 0.0031358
0.0959772 0.00274516
0.0982358 0.00244433
0.102604 0.002002
0.10472 0.00180899
0.106794 0.00165558
0.108828 0.00151701
0.112787 0.00131852
0.114715 0.00122526
0.118477 0.00107543
0.120314 0.00100949
0.122123 0.00094231
0.123906 0.00087959
0.125664 0.000820814
0.127397 0.00077161
0.129107 0.000720793
0.132461 0.000626014
0.134107 0.000597763
0.135732 0.000560466
0.137339 0.000525452
0.138926 0.000495868
0.140496 0.000459245
0.142049 0.000430479
0.145104 0.000369557
0.146608 0.000359196
0.148096 0.000338939
0.14957 0.000319603
0.151029 0.000302067
0.152474 0.000288012
0.153906 0.000271604
0.15673 0.000246114
0.158123 0.000232931
0.159504 0.000222197
0.160874 0.0002122
0.163577 0.000196967
0.164913 0.000183528
0.167552 0.000171926
0.168856 0.000166967
0.170149 0.000161739
0.171434 0.000156271
0.172708 0.000150583
0.173974 0.000143678
0.17523 0.000139947
0.177715 0.000133874
0.178945 0.000126385
0.180167 0.000124454
0.18138 0.00012102
0.182585 0.000115983
0.183782 0.000112856
0.184972 0.000108984
0.187328 0.000101811
0.188496 0.000100583
0.190347 9.41356e-05
0.191954 9.08526e-05
0.193094 8.65315e-05
0.194226 8.42321e-05
0.196472 7.9678e-05
0.197585 7.73051e-05
0.199006 7.43986e-05
0.201976 6.81311e-05
0.203059 6.50471e-05
0.205208 6.09947e-05
0.206274 5.96032e-05
0.207335 5.74094e-05
0.20839 5.61982e-05
0.210326 5.12246e-05
0.211524 5.15912e-05
0.213587 4.78575e-05
0.214612 4.62932e-05
0.215631 4.54761e-05
0.216957 4.36214e-05
0.218661 4.18612e-05
0.219662 4.10954e-05
0.223129 3.72679e-05
0.224599 3.58235e-05
0.22618 3.4952e-05
0.22751 3.4032e-05
0.229429 3.16885e-05
0.230383 3.1798e-05
0.231604 3.09087e-05
0.23416 2.90672e-05
0.235095 2.8257e-05
0.236954 2.74322e-05
0.238108 2.68594e-05
0.239975 2.58769e-05
0.241537 2.48287e-05
0.242444 2.41412e-05
0.244844 2.23154e-05
0.246417 2.23342e-05
0.248401 2.16064e-05
0.249576 2.08566e-05
0.251327 1.99864e-05
0.252777 1.95068e-05
0.254191 1.90959e-05
0.25601 1.83943e-05
0.258214 1.72044e-05
0.2594 1.68163e-05
0.26075 1.59978e-05
0.262904 1.5602e-05
0.265657 1.45486e-05
0.266722 1.41846e-05
0.268622 1.36475e-05
0.269844 1.33928e-05
0.271964 1.26952e-05
0.273543 1.17798e-05
0.275842 1.15736e-05
0.277853 1.15172e-05
0.279641 1.07947e-05
0.28148 1.0562e-05
0.282936 1.00533e-05
0.285198 9.74291e-06
0.286404 9.42826e-06
0.288084 9.07505e-06
0.291553 8.48949e-06
0.292736 8.47342e-06
0.294335 8.07981e-06
0.296659 7.71022e-06
0.298323 7.47519e-06
0.300394 6.92329e-06
0.302928 6.89279e-06
0.304588 6.74752e-06
0.305974 6.58502e-06
0.308578 6.27633e-06
0.310884 5.99667e-06
0.312408 5.7886e-06
0.314799 5.59769e-06
0.317265 5.42063e-06
0.319597 5.12801e-06
0.320771 4.97168e-06
0.3227 4.86447e-06
0.32574 4.61282e-06
0.32795 4.41893e-06
0.330224 4.2335e-06
0.331726 4.12683e-06
0.333831 3.98198e-06
0.336246 3.79383e-06
0.338319 3.64799e-06
0.341157 3.49038e-06
0.343593 3.31884e-06
0.346262 3.04159e-06
0.347842 3.09047e-06
0.350326 2.99924e-06
0.352828 2.82622e-06
0.354442 2.75209e-06
0.356776 2.67628e-06
0.359142 2.56498e-06
0.361681 2.48245e-06
0.363857 2.41057e-06
0.366441 2.19427e-06
0.368657 2.24223e-06
0.371486 2.15239e-06
0.374587 2.00636e-06
0.376839 1.96941e-06
0.379079 1.91678e-06
0.38178 1.81568e-06
0.384712 1.73101e-06
0.386663 1.60166e-06
0.389313 1.62128e-06
0.39167 1.56826e-06
0.394428 1.50776e-06
0.397811 1.42259e-06
0.400019 1.39334e-06
0.402781 1.33826e-06
0.405015 1.23714e-06
0.40766 1.23936e-06
0.410865 1.17121e-06
0.413244 1.1403e-06
0.416084 1.09295e-06
0.418986 1.06239e-06
0.421544 1.01893e-06
0.424534 9.41305e-07
0.42751 9.23776e-07
0.430034 9.03495e-07
0.432751 8.74938e-07
0.436344 8.39533e-07
0.438896 8.00205e-07
0.44171 7.44186e-07
0.444585 7.3359e-07
0.447784 7.08849e-07
0.45034 6.83996e-07
0.453413 6.53682e-07
0.456575 6.0217e-07
0.459787 6.0646e-07
0.462622 5.79671e-07
0.465862 5.62049e-07
0.468802 5.40774e-07
0.471915 5.19682e-07
0.475472 4.97206e-07
0.478779 4.77379e-07
0.481919 4.60818e-07
0.484939 4.40472e-07
0.488502 4.13492e-07
0.491034 4.09143e-07
0.494348 3.92035e-07
0.497688 3.78843e-07
0.500527 3.67232e-07
0.504331 3.41364e-07
0.507364 3.37432e-07
0.510774 3.24184e-07
0.514275 3.11886e-07
0.517978 2.89336e-07
0.521294 2.86262e-07
0.524822 2.7369e-07
0.527973 2.67201e-07
0.531698 2.45339e-07
0.535226 2.45129e-07
0.539103 2.3593e-07
0.543 2.25458e-07
0.546011 2.11404e-07
0.549827 2.07739e-07
0.55369 2.00462e-07
0.557166 1.91311e-07
0.560475 1.82954e-07
0.564609 1.78503e-07
0.56859 1.70497e-07
0.572441 1.61065e-07
0.5763 1.57267e-07
0.580121 1.49675e-07
0.583625 1.45792e-07
0.587525 1.39432e-07
0.591428 1.35007e-07
0.595301 1.28547e-07
0.599624 1.20351e-07
0.603294 1.196e-07
0.60771 1.14525e-07
0.611568 1.06774e-07
0.615779 1.04706e-07
0.619303 1.01141e-07
0.623194 9.56662e-08
0.627636 9.35781e-08
0.631826 9.01593e-08
0.635971 8.45083e-08
0.64039 8.34081e-08
0.644956 7.96686e-08
0.649302 7.60961e-08
0.653461 7.32352e-08
0.657644 6.9067e-08
0.662026 6.81773e-08
0.666685 6.49403e-08
0.670916 6.10878e-08
0.675462 5.98609e-08
0.679703 5.77444e-08
0.684292 5.51214e-08
0.688927 5.29074e-08
0.693468 4.95081e-08
0.698026 4.90563e-08
0.702952 4.60816e-08
0.707372 4.48932e-08
0.712317 4.23844e-08
0.716936 4.18928e-08
0.721869 3.91046e-08
0.726964 3.81622e-08
0.73163 3.62421e-08
0.736224 3.46225e-08
0.74119 3.3995e-08
0.746118 3.21429e-08
0.751313 3.10071e-08
0.756133 2.96808e-08
0.761156 2.87342e-08
0.766095 2.77466e-08
0.771205 2.61416e-08
0.776456 2.56081e-08
0.781432 2.41564e-08
0.786733 2.35322e-08
0.791574 2.22562e-08
0.797255 2.17939e-08
0.802676 2.04502e-08
0.808005 1.98956e-08
0.813482 1.87632e-08
0.818759 1.81603e-08
0.824173 1.77598e-08
0.829708 1.65759e-08
0.834919 1.63855e-08
0.840568 1.57664e-08
0.846479 1.47526e-08
0.851948 1.43392e-08
0.857592 1.35509e-08
0.863369 1.30586e-08
0.869182 1.27276e-08
0.874831 1.21412e-08
0.880682 1.15278e-08
0.886294 1.12347e-08
0.892352 1.05992e-08
0.898399 1.02234e-08
0.904229 1.00121e-08
0.910231 9.54228e-09
0.916513 9.04395e-09
0.922651 8.62874e-09
0.92895 8.33573e-09
0.935092 8.1309e-09
0.940995 7.71089e-09
0.947406 7.4879e-09
0.953652 7.07266e-09
0.960017 6.84078e-09
0.966595 6.47287e-09
0.972908 6.32665e-09
0.979222 5.96223e-09
0.985855 5.75939e-09
0.992666 5.52243e-09
0.998881 5.27804e-09
1.00551 5.07387e-09
1.01216 4.97273e-09
1.01908 4.65056e-09
1.02599 4.48419e-09
1.03271 4.38631e-09
1.03948 4.13056e-09
1.04641 3.99368e-09
1.05346 3.79957e-09
1.06036 3.6442e-09
1.0676 3.51255e-09
1.07471 3.35675e-09
1.08175 3.21201e-09
1.08895 3.14657e-09
1.09637 2.98038e-09
1.10369 2.84894e-09
1.11092 2.74047e-09
1.1181 2.63416e-09
1.12573 2.53585e-09
1.1332 2.42339e-09
1.14081 2.35964e-09
1.14829 2.21634e-09
1.15605 2.12221e-09
1.16374 2.05395e-09
1.1717 1.99336e-09
1.17935 1.88298e-09
1.18713 1.79944e-09
1.195 1.73052e-09
1.20281 1.65617e-09
1.21088 1.60556e-09
1.21904 1.52733e-09
1.22715 1.47091e-09
1.23533 1.40795e-09
1.24354 1.34931e-09
1.25174 1.29127e-09
1.26013 1.2445e-09
1.26845 1.19136e-09
1.27706 1.14726e-09
1.28545 1.09717e-09
1.29387 1.06327e-09
1.3027 1.01293e-09
1.31143 9.67144e-10
1.3202 9.30068e-10
1.32891 8.87659e-10
1.33775 8.44954e-10
1.34663 8.24774e-10
1.35548 7.81902e-10
1.3645 7.52916e-10
1.37362 7.24646e-10
1.38289 6.91101e-10
1.39214 6.60404e-10
1.40146 6.37982e-10
1.41076 6.12231e-10
1.42016 5.86589e-10
1.42955 5.60102e-10
1.43897 5.42173e-10
1.44856 5.1457e-10
1.45815 4.96243e-10
1.46783 4.73964e-10
1.47755 4.55486e-10
1.48753 4.38747e-10
1.4975 4.17498e-10
1.50759 4.02589e-10
1.51744 3.8412e-10
1.52762 3.6846e-10
1.53782 3.54478e-10
1.54798 3.40898e-10
1.55817 3.27087e-10
1.56867 3.14556e-10
1.579 2.99945e-10
1.58955 2.85552e-10
1.60018 2.74195e-10
1.61084 2.63033e-10
1.62148 2.53966e-10
1.63242 2.42224e-10
1.64322 2.31669e-10
1.65411 2.21823e-10
1.66512 2.12441e-10
1.67627 2.04019e-10
1.68736 1.9741e-10
1.69863 1.87406e-10
1.70994 1.80799e-10
1.72135 1.7323e-10
1.73279 1.65927e-10
1.74428 1.59104e-10
1.75588 1.52588e-10
1.76756 1.46439e-10
1.77941 1.40505e-10
1.79124 1.34272e-10
1.80325 1.28519e-10
1.81507 1.23871e-10
1.82722 1.1776e-10
1.83948 1.13976e-10
1.85166 1.08906e-10
1.86408 1.04445e-10
1.87633 9.99273e-11
1.88886 9.57717e-11
1.90144 9.18783e-11
1.914 8.83623e-11
1.92679 8.46888e-11
1.93957 8.09688e-11
1.95256 7.76194e-11
1.96563 7.43257e-11
1.97869 7.14638e-11
1.99179 6.82521e-11
2.00509 6.53055e-11
2.01846 6.25938e-11
2.03193 6.01716e-11
2.04528 5.75501e-11
2.05892 5.53354e-11
2.07279 5.28807e-11
2.0865 5.07819e-11
2.10039 4.88875e-11
2.11443 4.6348e-11
2.12845 4.47106e-11
2.14263 4.28267e-11
2.15695 4.09939e-11
2.17119 3.9201e-11
2.18567 3.76881e-11
2.20036 3.62672e-11
2.21494 3.44322e-11
2.22958 3.30155e-11
2.24445 3.17147e-11
2.25936 3.05158e-11
2.27439 2.92411e-11
2.28969 2.80127e-11
2.30493 2.68746e-11
2.32027 2.56015e-11
2.33573 2.45306e-11
2.35122 2.36583e-11
2.3669 2.25986e-11
2.38266 2.16286e-11
2.39847 2.07441e-11
2.41442 1.9763e-11
2.43055 1.9002e-11
2.44673 1.8298e-11
2.4629 1.74877e-11
2.47932 1.67391e-11
2.4959 1.60383e-11
2.51254 1.53507e-11
2.52927 1.47202e-11
2.54604 1.41101e-11
2.56299 1.3542e-11
2.58009 1.29504e-11
2.5973 1.24014e-11
2.61455 1.18599e-11
2.63195 1.13707e-11
2.64948 1.09268e-11
2.66707 1.05027e-11
2.68485 1.00296e-11
2.70286 9.61477e-12
2.72085 9.20098e-12
2.73892 8.81629e-12
2.75712 8.45105e-12
2.77543 8.09369e-12
2.79389 7.77256e-12
2.81251 7.44112e-12
2.83127 7.11186e-12
2.85007 6.79227e-12
2.86897 6.53406e-12
2.88818 6.25225e-12
2.90739 5.97806e-12
2.92669 5.7362e-12
2.94616 5.51291e-12
2.96573 5.2711e-12
2.98548 5.06662e-12
3.00539 4.83381e-12
3.02539 4.62272e-12
3.04557 4.46118e-12
3.06592 4.23494e-12
3.0863 4.07373e-12
3.10684 3.91096e-12
3.12756 3.73743e-12
3.1484 3.57238e-12
3.16935 3.44866e-12
3.19042 3.29487e-12
3.21172 3.15355e-12
3.2331 3.0282e-12
3.25451 2.89568e-12
3.27615 2.77347e-12
3.2979 2.65278e-12
3.31984 2.54899e-12
3.34198 2.44434e-12
3.3643 2.33121e-12
3.38673 2.23573e-12
3.40918 2.15162e-12
3.43196 2.0649e-12
3.45493 1.96768e-12
3.47788 1.889e-12
3.50098 1.80979e-12
3.52428 1.73831e-12
3.54776 1.66083e-12
3.5713 1.58993e-12
3.59506 1.52537e-12
3.61902 1.46701e-12
3.64313 1.40043e-12
3.66736 1.34372e-12
3.69182 1.28848e-12
3.71639 1.22819e-12
3.7411 1.18467e-12
3.76602 1.13909e-12
3.7911 1.0883e-12
3.81637 1.04343e-12
3.8418 1.00342e-12
3.8673 9.60767e-13
3.89298 9.16271e-13
3.91895 8.80903e-13
3.94503 8.43704e-13
3.97125 8.09136e-13
3.99772 7.76589e-13
4.02443 7.46587e-13
4.05121 7.15535e-13
4.07809 6.84507e-13
4.10526 6.56837e-13
4.13259 6.32043e-13
4.16008 6.05567e-13
4.18785 5.79942e-13
4.21573 5.57179e-13
4.24371 5.35358e-13
4.27197 5.138e-13
4.30044 4.91194e-13
4.32905 4.7289e-13
4.35788 4.54372e-13
4.38688 4.36391e-13
4.41605 4.19368e-13
4.44546 4.02661e-13
4.47509 3.87024e-13
4.50493 3.70635e-13
4.53494 3.56922e-13
4.56506 3.43092e-13
4.59545 3.29549e-13
4.62609 3.17641e-13
4.65691 3.04175e-13
4.68789 2.93597e-13
4.71906 2.82603e-13
4.75048 2.72151e-13
4.78209 2.61293e-13
4.8139 2.52265e-13
4.84595 2.42364e-13
4.87821 2.3351e-13
4.91071 2.24755e-13
4.94338 2.17169e-13
4.97629 2.08941e-13
5.00945 2.01239e-13
5.04276 1.94515e-13
5.07626 1.87555e-13
5.1101 1.81334e-13
5.14418 1.74755e-13
5.1784 1.69205e-13
5.21287 1.63569e-13
5.24757 1.57921e-13
5.2825 1.53153e-13
5.31768 1.47784e-13
5.35308 1.43293e-13
5.38871 1.38706e-13
5.42459 1.34302e-13
5.46071 1.30559e-13
5.49705 1.26477e-13
5.53363 1.2261e-13
5.57046 1.19409e-13
5.60749 1.15978e-13
5.64482 1.12928e-13
5.68244 1.09751e-13
5.72029 1.06757e-13
5.7584 1.04221e-13
5.79671 1.01767e-13
5.83528 9.92393e-14
5.87416 9.69916e-14
5.91325 9.45848e-14
5.95258 9.26418e-14
5.99221 9.06184e-14
6.03213 8.89788e-14
6.07232 8.73267e-14
6.11272 8.56576e-14
6.15341 8.41037e-14
6.1944 8.27559e-14
6.23563 8.14633e-14
6.27716 8.03172e-14
6.31895 7.92236e-14
6.36099 7.82426e-14
6.40334 7.72602e-14
6.44597 7.6561e-14
6.48883 7.59244e-14
6.53202 7.50813e-14
6.57553 7.4403e-14
6.61931 7.42202e-14
6.66339 7.39766e-14
6.70776 7.36216e-14
6.7524 7.32879e-14
6.79737 7.32724e-14
6.84263 7.31074e-14
6.88816 7.30354e-14
6.93399 7.34757e-14
6.98015 7.38349e-14
7.02663 7.42335e-14
7.0734 7.45087e-14
7.12047 7.50629e-14
7.16789 7.59051e-14
7.21564 7.64199e-14
7.26365 7.70189e-14
7.312 7.85192e-14
7.36069 7.94317e-14
7.40968 8.00461e-14
7.459 8.22934e-14
7.50862 8.31925e-14
7.5586 8.47915e-14
7.60894 8.72015e-14
7.65961 8.81287e-14
7.7106 9.10016e-14
7.76192 9.29055e-14
7.81363 9.55193e-14
7.86566 9.82002e-14
7.91801 1.01457e-13
7.97072 1.04198e-13
8.02376 1.07989e-13
8.07717 1.10987e-13
8.13095 1.16106e-13
8.18507 1.19708e-13
8.23956 1.25103e-13
8.29442 1.30389e-13
8.34962 1.34472e-13
8.40521 1.43069e-13
8.46119 1.49035e-13
8.51752 1.54918e-13
8.57417 1.66e-13
8.63126 1.74118e-13
8.68876 1.82626e-13
8.74657 1.9294e-13
8.80479 2.08834e-13
8.86345 2.20984e-13
8.92244 2.35524e-13
8.98183 2.51116e-13
9.04164 2.68898e-13
9.10181 2.88283e-13
9.1624 3.16318e-13
9.22341 3.46073e-13
9.28477 3.76626e-13
9.34659 4.1057e-13
9.40883 4.50447e-13
9.47148 5.01652e-13
9.53453 5.5773e-13
9.59797 6.21368e-13
9.66188 6.9626e-13
9.72619 7.92009e-13
9.79093 9.07748e-13
9.85612 1.07729e-12
9.92173 1.27019e-12
9.98778 1.47285e-12
10.0543 1.71957e-12
10.1212 2.0367e-12
10.1886 2.66282e-12
10.2564 3.49043e-12
10.3247 4.11272e-12
10.3934 5.17834e-12
10.4626 8.91434e-12
10.5323 1.00594e-11
10.6024 1.38375e-11
10.6729 2.63192e-11
10.7439 8.25807e-12
10.8154 5.36776e-14
10.8874 3.49929e-14
10.9599 2.90954e-14
11.0329 2.6444e-14
11.1063 2.51249e-14
11.1802 2.45139e-14
11.2546 2.43495e-14
11.3296 2.4505e-14
11.405 2.50213e-14
11.4809 2.56865e-14
11.5573 2.66236e-14
11.6343 2.78569e-14
11.7117 2.92725e-14
11.7897 3.08686e-14
11.8682 3.27487e-14
11.9472 3.50401e-14
12.0267 3.75289e-14
12.1068 4.04737e-14
12.1874 4.38499e-14
12.2685 4.75484e-14
12.3502 5.20217e-14
12.4324 5.70016e-14
12.5151 6.27934e-14
12.5985 6.99579e-14
12.6823 7.73357e-14
12.7667 8.68127e-14
12.8517 9.79015e-14
12.9373 1.10438e-13
13.0234 1.25447e-13
13.1101 1.43167e-13
13.1973 1.64714e-13
13.2852 1.90407e-13
13.3736 2.22164e-13
13.4626 2.61658e-13
13.5522 3.1105e-13
13.6424 3.71026e-13
13.7332 4.489e-13
13.8247 5.44042e-13
13.9167 6.64786e-13
14.0093 8.37173e-13
14.1025 1.06518e-12
14.1964 1.34517e-12
14.2909 1.78501e-12
14.386 2.35718e-12
14.4818 3.17343e-12
14.5781 4.40584e-12
14.6751 6.33424e-12
14.7727 8.51611e-12
14.8711 1.32901e-11
14.97 1.88139e-11
15.0695 1.93238e-11
15.1698 5.97699e-12
15.2709 5.54201e-14
15.3726 6.21509e-14
15.4749 7.25641e-14
15.5779 8.62081e-14
15.6816 1.03316e-13
15.786 1.25271e-13
15.8911 1.53208e-13
15.9968 1.88388e-13
16.1033 2.34184e-13
16.2104 2.93645e-13
16.3183 3.73511e-13
16.4269 4.78519e-13
16.5362 6.22671e-13
16.6462 8.19416e-13
16.757 1.09413e-12
16.8685 1.48442e-12
16.9806 2.0526e-12
17.0936 2.9108e-12
17.2072 4.16595e-12
17.3216 6.22555e-12
17.4366 9.41425e-12
17.5525 1.51318e-11
17.6693 2.47116e-11
17.7861 4.20716e-11
17.9035 7.73286e-11
18.0221 1.51483e-10
18.1408 3.20008e-10
18.2586 7.38694e-10
18.374 1.89482e-09
18.4789 4.98416e-09
