0.000000000000000000e+00 0.000000000000000000e+00 1.000000000000000000e+00
2.966547016023049222e-05 1.228484292958176367e+13 2.600000000000000000e+01
5.419127478489826899e-05 5.275504337699546875e+12 9.600000000000000000e+01
7.352296279350412078e-05 3.134681820494280273e+12 1.280000000000000000e+02
9.389855742568236892e-05 1.891081748155665039e+12 2.580000000000000000e+02
1.158725991235069817e-04 1.176657582059150391e+12 4.160000000000000000e+02
1.366478460172924035e-04 7.794260717280159912e+11 4.880000000000000000e+02
1.565363249687504838e-04 5.919068969793300781e+11 6.900000000000000000e+02
1.778955720510566607e-04 4.267176073270108643e+11 9.440000000000000000e+02
1.990977003143960138e-04 3.261834131163182983e+11 1.116000000000000000e+03
2.195136083065773482e-04 2.681907506739989624e+11 1.350000000000000000e+03
2.401897563775092642e-04 2.087212790345066223e+11 1.640000000000000000e+03
2.614777619907888030e-04 1.724821986341180115e+11 2.012000000000000000e+03
2.828791348991739033e-04 1.463718822302594604e+11 2.342000000000000000e+03
3.035493481013598746e-04 1.184628863115551147e+11 2.520000000000000000e+03
3.241235762803953654e-04 1.005160535618845062e+11 3.044000000000000000e+03
3.452349808782958856e-04 8.954889323289073181e+10 3.402000000000000000e+03
3.663220373959401657e-04 7.271209825747761536e+10 3.908000000000000000e+03
3.870323335420426084e-04 6.442113975607897186e+10 4.164000000000000000e+03
4.079442765424508136e-04 5.932236251009279633e+10 4.850000000000000000e+03
4.290508288495219961e-04 5.183255402977565765e+10 5.278000000000000000e+03
4.499199264962810215e-04 4.598071643131438446e+10 5.738000000000000000e+03
4.706853420837009763e-04 4.205800694255035400e+10 6.328000000000000000e+03
4.917663743978291802e-04 3.739360536022454071e+10 7.038000000000000000e+03
5.127686723343992349e-04 3.490296188860540771e+10 7.412000000000000000e+03
5.337335542319532940e-04 3.090673265431458664e+10 8.330000000000000000e+03
5.549800201446776493e-04 2.823042736432426453e+10 8.874000000000000000e+03
5.759912130300024738e-04 2.573541514977572250e+10 9.566000000000000000e+03
5.967421699262660242e-04 2.401143552073101425e+10 9.906000000000000000e+03
6.175678115601301518e-04 2.243752781489619064e+10 1.109600000000000000e+04
6.383415719683501301e-04 2.043851976369207001e+10 1.137600000000000000e+04
6.593344981926793028e-04 1.941839940192745590e+10 1.272200000000000000e+04
6.803914028984011904e-04 1.833037711335386658e+10 1.320200000000000000e+04
7.014542198821641355e-04 1.654226166888960457e+10 1.425000000000000000e+04
7.224268553394682778e-04 1.580973337534152794e+10 1.487800000000000000e+04
7.433377686538733542e-04 1.487697638204176521e+10 1.585600000000000000e+04
7.643057570345914353e-04 1.392093683043669128e+10 1.670800000000000000e+04
7.850935419370501942e-04 1.313067138358071327e+10 1.747000000000000000e+04
8.060212137376749925e-04 1.240436285022014809e+10 1.871400000000000000e+04
8.270109035013945616e-04 1.151781468877886581e+10 1.961800000000000000e+04
8.478809236624057499e-04 1.085927267795563889e+10 2.043000000000000000e+04
8.688274482596475756e-04 1.045958018980040741e+10 2.175400000000000000e+04
8.898088481166329831e-04 9.905770585003963470e+09 2.265800000000000000e+04
9.108524687755773560e-04 9.359179274687877655e+09 2.397800000000000000e+04
9.318601638592801609e-04 8.945114888273935318e+09 2.485400000000000000e+04
9.528007574779614975e-04 8.405096657165328979e+09 2.602400000000000000e+04
9.736277382378045672e-04 7.867912040367871284e+09 2.680400000000000000e+04
9.944946999702632389e-04 7.675753831071827888e+09 2.852400000000000000e+04
1.015482989633682571e-03 7.221292079286845207e+09 2.942800000000000000e+04
1.036461902710500557e-03 6.701660345628271103e+09 3.101800000000000000e+04
1.057439497869204059e-03 6.624752937481079102e+09 3.183400000000000000e+04
1.078443002355871467e-03 6.288556109583551407e+09 3.375000000000000000e+04
1.099452363638649902e-03 5.905408008204250336e+09 3.444800000000000000e+04
1.120486208476862908e-03 5.802176681363816261e+09 3.637200000000000000e+04
1.141303192916390957e-03 5.477486374586837769e+09 3.654000000000000000e+04
1.162186681874016400e-03 5.287486320494994164e+09 3.914000000000000000e+04
1.183149620925968070e-03 5.025235433078497887e+09 3.983400000000000000e+04
1.203997363442231659e-03 4.822605078085597038e+09 4.135400000000000000e+04
1.224944994418043515e-03 4.603423033867349625e+09 4.321400000000000000e+04
1.245889918711711548e-03 4.349869243528036118e+09 4.425600000000000000e+04
1.266922621965076200e-03 4.253375246661759853e+09 4.647600000000000000e+04
1.287887052574165437e-03 4.028704214805617809e+09 4.724600000000000000e+04
1.308810967468131744e-03 3.967577727575496197e+09 4.912200000000000000e+04
1.329835386524824215e-03 3.699422181273599625e+09 5.109800000000000000e+04
1.350750192873838166e-03 3.663316341079718590e+09 5.163600000000000000e+04
1.371711424745301715e-03 3.507958255543566704e+09 5.462800000000000000e+04
1.392624036365390158e-03 3.420340509555007935e+09 5.472000000000000000e+04
1.413485876467941759e-03 3.256116171342655182e+09 5.752400000000000000e+04
1.434504920091316795e-03 3.085141753885679722e+09 5.916600000000000000e+04
1.455479173956697328e-03 2.981617457517185688e+09 6.061000000000000000e+04
1.476360066582646643e-03 2.879124186826243401e+09 6.220800000000000000e+04
1.497238293198690064e-03 2.749401269741534233e+09 6.403800000000000000e+04
1.518151436351234361e-03 2.655807600599228859e+09 6.588400000000000000e+04
1.539225064965316948e-03 2.585672075397745132e+09 6.897000000000000000e+04
1.560248804580790637e-03 2.430309078292705536e+09 6.916200000000000000e+04
1.581182494113146002e-03 2.362129038436678886e+09 7.207800000000000000e+04
1.602151900066207339e-03 2.323119670321159363e+09 7.331200000000000000e+04
1.623050404003984794e-03 2.250745269387517929e+09 7.529200000000000000e+04
1.643913830382842884e-03 2.108286960531964779e+09 7.717200000000000000e+04
1.664841698923051399e-03 2.090973616534204483e+09 7.932400000000000000e+04
1.685763907790326479e-03 2.000812024813304901e+09 8.137800000000000000e+04
1.706688757368782965e-03 1.941442676044132948e+09 8.339000000000000000e+04
1.727724992430916670e-03 1.898378784960665941e+09 8.624000000000000000e+04
1.748707814916582084e-03 1.811654415772335052e+09 8.733200000000000000e+04
1.769605465165582101e-03 1.749554460307500839e+09 8.936000000000000000e+04
1.790549613119530193e-03 1.685641244888927698e+09 9.240800000000000000e+04
1.811543500644504680e-03 1.633753759834489346e+09 9.379400000000000000e+04
1.832485551308853837e-03 1.601453173253307819e+09 9.642600000000000000e+04
1.853319488606598731e-03 1.550711947978601694e+09 9.719800000000000000e+04
1.874292282546716334e-03 1.456006148764482260e+09 1.019700000000000000e+05
1.895341291622483146e-03 1.432110935899739504e+09 1.027860000000000000e+05
1.916270427068929782e-03 1.374939512490692616e+09 1.049680000000000000e+05
1.937202914037521083e-03 1.347697623985869646e+09 1.077600000000000000e+05
1.958149652614909336e-03 1.302588846119397879e+09 1.096340000000000000e+05
1.979058784035020620e-03 1.279042010966039896e+09 1.119540000000000000e+05
1.999993474540890347e-03 1.218536681309507132e+09 1.148600000000000000e+05
2.020922110787634791e-03 1.200365682075560093e+09 1.164680000000000000e+05
2.041850748222624919e-03 1.156029401796848297e+09 1.198100000000000000e+05
2.062892259723775670e-03 1.104987507362987995e+09 1.226000000000000000e+05
2.083837585308887137e-03 1.085872383680953503e+09 1.238080000000000000e+05
2.104695197375418270e-03 1.053879780102695465e+09 1.265460000000000000e+05
2.125687115869021645e-03 1.022235677147627115e+09 1.301860000000000000e+05
2.146635125921985115e-03 9.653571407430958748e+08 1.314520000000000000e+05
2.167576534851236702e-03 9.871018889676284790e+08 1.350760000000000000e+05
2.188537900573890582e-03 9.278496934490652084e+08 1.369860000000000000e+05
2.209470176440963673e-03 9.144748131007074118e+08 1.399720000000000000e+05
2.230421037305644043e-03 8.775704819993197918e+08 1.422760000000000000e+05
2.251386027648449254e-03 8.490903539091330767e+08 1.460180000000000000e+05
2.272319819886492107e-03 8.145485849507927895e+08 1.468260000000000000e+05
2.293227522635792395e-03 8.099484328215365410e+08 1.512680000000000000e+05
2.314122960978284415e-03 7.918656754607319832e+08 1.520520000000000000e+05
2.335065946034262530e-03 7.814238713540434837e+08 1.574900000000000000e+05
2.356048445895948112e-03 7.297136618972160816e+08 1.585880000000000000e+05
2.377009828332220329e-03 7.224351471973906755e+08 1.622040000000000000e+05
2.397976401052556630e-03 6.904334835916237831e+08 1.649380000000000000e+05
2.418954157325603569e-03 6.832125864193783998e+08 1.679380000000000000e+05
2.439905991183916652e-03 6.518233909837448597e+08 1.704060000000000000e+05
2.460851374860760499e-03 6.493211140437334776e+08 1.736020000000000000e+05
2.481781295393546607e-03 6.198205827493399382e+08 1.760100000000000000e+05
2.502650413933086952e-03 6.112539986552243233e+08 1.788440000000000000e+05
2.523591626582233523e-03 5.918307594622563124e+08 1.827160000000000000e+05
2.544558463805404389e-03 5.649297296302846670e+08 1.857620000000000000e+05
2.565532067070480388e-03 5.540110506272659302e+08 1.886940000000000000e+05
2.586503041233372598e-03 5.466048429256039858e+08 1.920580000000000000e+05
2.607450880409729367e-03 5.340105221380957961e+08 1.945460000000000000e+05
2.628464482732199327e-03 5.150599850622898936e+08 1.993060000000000000e+05
2.649320156313930263e-03 5.122618404469311833e+08 1.981720000000000000e+05
2.670164066336059953e-03 5.016577116854059100e+08 2.050680000000000000e+05
2.691132520107587366e-03 4.805103068767307997e+08 2.071700000000000000e+05
2.712101461832686425e-03 4.754885416606498957e+08 2.115720000000000000e+05
2.733066501623578320e-03 4.529720758497553468e+08 2.134840000000000000e+05
2.753990483622856169e-03 4.374140916785749197e+08 2.174580000000000000e+05
2.774979431304217935e-03 4.310653513873364925e+08 2.212500000000000000e+05
2.795995700070591679e-03 4.128704116515356898e+08 2.249240000000000000e+05
2.816904271298328270e-03 3.964484578749733567e+08 2.257300000000000000e+05
2.837790049867310559e-03 3.992462609839439988e+08 2.306920000000000000e+05
2.858753194608672828e-03 3.859462699714021683e+08 2.348280000000000000e+05
2.879705102950846397e-03 3.863122285841897130e+08 2.368760000000000000e+05
2.900616066266185639e-03 3.786638468771206141e+08 2.411780000000000000e+05
2.921550576131295204e-03 3.560711725205540061e+08 2.439500000000000000e+05
2.942504689292785910e-03 3.531355159820157290e+08 2.488020000000000000e+05
2.963447957150189965e-03 3.386131524326749444e+08 2.511200000000000000e+05
2.984364966659551650e-03 3.345043270785041451e+08 2.546280000000000000e+05
3.005322098225685339e-03 3.235119894759202003e+08 2.598680000000000000e+05
3.026287417299484365e-03 3.220592513440346718e+08 2.614840000000000000e+05
3.047254626029334383e-03 3.157601554208119512e+08 2.676900000000000000e+05
3.068223221635749381e-03 2.989377630165092945e+08 2.686860000000000000e+05
3.089160096736553313e-03 3.098310372747963071e+08 2.740100000000000000e+05
3.110118452408271693e-03 2.993050412797940969e+08 2.770260000000000000e+05
3.131101157249004466e-03 2.873779803575983047e+08 2.818260000000000000e+05
3.152012107737241914e-03 2.689267997544104457e+08 2.829960000000000000e+05
3.172901328297306114e-03 2.692012165245447755e+08 2.883560000000000000e+05
3.193813538822268261e-03 2.622428340562119484e+08 2.913460000000000000e+05
3.214800502530194403e-03 2.576933645119811594e+08 2.982600000000000000e+05
3.235793302476244835e-03 2.566310433839281797e+08 2.990520000000000000e+05
3.256696732262139276e-03 2.519779895170310736e+08 3.037380000000000000e+05
3.277615792439744248e-03 2.417145250941751599e+08 3.069620000000000000e+05
3.298528834693501607e-03 2.351815953032749295e+08 3.116520000000000000e+05
3.319504985833824327e-03 2.359981567496722937e+08 3.167800000000000000e+05
3.340473107414497489e-03 2.318347936461385190e+08 3.191460000000000000e+05
3.361372050816498203e-03 2.138704644627051950e+08 3.229880000000000000e+05
3.382344779781507396e-03 2.124420288819693327e+08 3.290040000000000000e+05
3.403324916305406657e-03 2.014653236616581082e+08 3.320080000000000000e+05
3.424255332119448009e-03 1.974467568432810605e+08 3.352720000000000000e+05
3.445207728865935532e-03 2.079352550830612779e+08 3.407300000000000000e+05
3.466168487889234595e-03 2.033890358655542135e+08 3.443120000000000000e+05
3.487106416179204613e-03 1.928027606265204847e+08 3.477240000000000000e+05
3.508026612012424706e-03 1.769971123046678007e+08 3.527900000000000000e+05
3.528938131544482899e-03 1.874618295228775740e+08 3.551460000000000000e+05
3.549886480972501337e-03 1.732868388996149600e+08 3.626560000000000000e+05
3.570874151960292363e-03 1.761447810357908607e+08 3.654560000000000000e+05
3.591830053669282409e-03 1.800086021439673901e+08 3.695780000000000000e+05
3.612751942127294565e-03 1.673809822068666220e+08 3.734660000000000000e+05
3.633695287620703016e-03 1.688601948792828619e+08 3.782100000000000000e+05
3.654640656380759439e-03 1.635813372272328436e+08 3.831580000000000000e+05
3.675610751456185200e-03 1.640860515003021359e+08 3.874660000000000000e+05
3.696548704162959734e-03 1.593070132099465430e+08 3.905200000000000000e+05
3.717424036417998380e-03 1.485668459036326706e+08 3.945120000000000000e+05
3.738345997700743325e-03 1.445209707583836615e+08 4.005780000000000000e+05
3.759313376606930775e-03 1.498708617741655111e+08 4.059380000000000000e+05
3.780301687649433723e-03 1.428635927881754935e+08 4.098140000000000000e+05
3.801216422977883244e-03 1.396873781483481824e+08 4.123620000000000000e+05
3.822140407537945143e-03 1.390971654528607130e+08 4.194100000000000000e+05
3.843150642483481386e-03 1.329477678095473349e+08 4.247280000000000000e+05
3.864100309678084478e-03 1.305767192400328666e+08 4.265580000000000000e+05
3.885037448634693670e-03 1.233169066047393680e+08 4.331960000000000000e+05
3.905992546688218190e-03 1.299779914355711043e+08 4.366480000000000000e+05
3.926968889495974571e-03 1.243778351226187795e+08 4.438480000000000000e+05
3.947919912764940274e-03 1.249518347448431998e+08 4.444500000000000000e+05
3.968809095191870237e-03 1.156910414248060435e+08 4.511780000000000000e+05
3.989707591929131034e-03 1.199095796013600826e+08 4.539680000000000000e+05
4.010672832955066748e-03 1.174300593513746262e+08 4.638300000000000000e+05
4.031639383660075987e-03 1.107750001285610050e+08 4.636500000000000000e+05
4.052568136510180212e-03 1.070052006553155780e+08 4.716760000000000000e+05
4.073526038593747178e-03 1.072209173391995877e+08 4.750940000000000000e+05
4.094489398659429888e-03 1.080000282850654721e+08 4.809620000000000000e+05
4.115445453160421208e-03 1.066917581698604524e+08 4.855700000000000000e+05
4.136358162412105167e-03 9.953019892891669273e+07 4.881840000000000000e+05
4.157271722718521023e-03 1.016716214986893833e+08 4.955520000000000000e+05
4.178226448857211110e-03 1.053057459030332863e+08 5.002980000000000000e+05
4.199180132835248283e-03 9.804272064047883451e+07 5.052500000000000000e+05
4.220122271474228276e-03 9.121079030793532729e+07 5.104780000000000000e+05
4.241058615773919509e-03 8.515241542155349255e+07 5.140660000000000000e+05
4.262016527872686950e-03 9.492963297303053737e+07 5.225060000000000000e+05
4.282957108014494481e-03 8.209150556381735206e+07 5.232600000000000000e+05
4.303920606016589483e-03 8.870369068639008701e+07 5.338900000000000000e+05
4.324900711072319527e-03 8.726707115828442574e+07 5.346180000000000000e+05
4.345819868260085254e-03 8.221149195912265778e+07 5.405880000000000000e+05
4.366741355105016945e-03 9.182907404469494522e+07 5.460140000000000000e+05
4.387687576206064123e-03 8.516300967040994763e+07 5.516580000000000000e+05
4.408641252392609886e-03 8.106975622769899666e+07 5.572260000000000000e+05
4.429571596276063450e-03 7.529495251034347713e+07 5.608360000000000000e+05
4.450498500189372340e-03 8.271286240595899522e+07 5.678360000000000000e+05
4.471485341863776740e-03 7.972118562827034295e+07 5.749780000000000000e+05
4.492441410558204416e-03 7.189973710489644110e+07 5.763060000000000000e+05
4.513343365306714088e-03 7.179525306989960372e+07 5.831660000000000000e+05
4.534281153104992475e-03 7.662228063655111194e+07 5.893300000000000000e+05
4.555228142645097698e-03 6.632250595526096970e+07 5.938900000000000000e+05
4.576187639323749112e-03 6.974829881768995523e+07 6.016200000000000000e+05
4.597128030531173748e-03 6.970358185375413299e+07 6.033700000000000000e+05
4.618035650780973750e-03 6.700781050487761945e+07 6.110180000000000000e+05
4.638999328291089179e-03 6.985350082219161093e+07 6.175840000000000000e+05
4.659954510042933241e-03 6.724374430197012424e+07 6.215220000000000000e+05
4.680898882661307069e-03 6.181660514615509659e+07 6.287140000000000000e+05
4.701854800139268313e-03 6.440968016768734902e+07 6.324560000000000000e+05
4.722798299773690520e-03 5.368627107640577108e+07 6.403260000000000000e+05
4.743740579222889032e-03 6.010555307226970792e+07 6.429160000000000000e+05
4.764671430826451608e-03 6.088051448770058155e+07 6.514900000000000000e+05
4.785630000033127933e-03 5.666307612701897323e+07 6.558780000000000000e+05
4.806598069599005846e-03 5.757075106267545372e+07 6.632740000000000000e+05
4.827520819925074091e-03 5.575786740516114980e+07 6.654180000000000000e+05
4.848450178391465470e-03 5.672647122704387456e+07 6.743220000000000000e+05
4.869408503203899105e-03 6.024536023782672733e+07 6.796140000000000000e+05
4.890380914734916880e-03 5.268871224748389423e+07 6.862820000000000000e+05
4.911321585953588344e-03 5.314369267478476465e+07 6.897760000000000000e+05
4.932241071478910867e-03 5.147443696777793020e+07 6.968880000000000000e+05
4.953190501765598365e-03 5.041397430644616485e+07 7.027380000000000000e+05
4.974121761082719168e-03 5.053985954155652225e+07 7.083380000000000000e+05
4.995019003930593546e-03 5.027021047278235108e+07 7.120920000000000000e+05
5.015957276489464711e-03 4.897249937379685789e+07 7.230740000000000000e+05
5.036924478070266449e-03 4.964015643240559846e+07 7.260280000000000000e+05
5.057877000379992598e-03 5.172826968707441539e+07 7.339940000000000000e+05
5.078837573861229478e-03 4.826554943554935604e+07 7.393740000000000000e+05
5.099803304237073877e-03 5.202123213674519956e+07 7.460900000000000000e+05
5.120772839316486101e-03 4.477771328104750812e+07 7.520180000000000000e+05
5.141715166207226628e-03 4.510521737797965109e+07 7.564860000000000000e+05
5.162623510308616409e-03 4.867485394438688457e+07 7.616660000000000000e+05
5.183578866044248785e-03 4.387172119045207649e+07 7.728580000000000000e+05
5.204526277597153715e-03 3.966516625984621048e+07 7.728260000000000000e+05
5.225432892487220753e-03 4.363732671720868349e+07 7.826460000000000000e+05
5.246381252225634090e-03 4.134587390878297389e+07 7.885780000000000000e+05
5.267351408156492956e-03 4.153682439458422363e+07 7.964900000000000000e+05
5.288292804304761674e-03 4.274208982013347745e+07 7.996520000000000000e+05
5.309203013744335717e-03 4.154622790568638593e+07 8.060180000000000000e+05
5.330163024375439776e-03 4.147912737308157980e+07 8.170740000000000000e+05
5.351148492684165182e-03 3.676662281052038819e+07 8.200040000000000000e+05
5.372069804439618367e-03 3.809617574304120988e+07 8.256460000000000000e+05
5.392998247667225679e-03 3.660936914786527306e+07 8.331220000000000000e+05
5.413951736963958788e-03 3.927041434517481178e+07 8.400500000000000000e+05
5.434890416730552357e-03 3.627671516679943353e+07 8.458920000000000000e+05
5.455836937598190425e-03 3.523454352128546685e+07 8.528680000000000000e+05
5.476773563924624763e-03 3.807453022387544811e+07 8.591060000000000000e+05
5.497703248326882113e-03 3.757102451122326404e+07 8.643500000000000000e+05
5.518652061045208577e-03 3.531868588340105116e+07 8.746660000000000000e+05
5.539607922118034052e-03 3.576353979355010390e+07 8.779860000000000000e+05
5.560574844575168034e-03 3.226949294858587906e+07 8.886260000000000000e+05
5.581519275973697083e-03 3.364630512006521225e+07 8.899740000000000000e+05
5.602425265285189936e-03 3.528261568106530607e+07 8.980880000000000000e+05
5.623383351546370167e-03 3.098052306585082039e+07 9.085540000000000000e+05
5.644373191424221364e-03 3.362935040406987816e+07 9.140540000000000000e+05
5.665288316907858557e-03 3.221934547312617302e+07 9.152280000000000000e+05
5.686221591163983201e-03 2.744435959964125976e+07 9.298260000000000000e+05
5.707184821479444926e-03 2.929759003360946476e+07 9.311460000000000000e+05
5.728134188723717386e-03 3.030661535213077813e+07 9.426360000000000000e+05
5.749088571545068506e-03 2.705947577361527085e+07 9.451140000000000000e+05
5.770005745514510294e-03 2.800537679568454623e+07 9.527320000000000000e+05
5.790959226569722222e-03 3.230428681582385674e+07 9.631820000000000000e+05
5.811894835529232348e-03 2.602791065569676831e+07 9.639540000000000000e+05
5.832824970741895196e-03 2.856530405211066455e+07 9.774260000000000000e+05
5.853784985935771290e-03 2.813334864784013107e+07 9.803900000000000000e+05
5.874720961160064675e-03 2.567511228504982218e+07 9.888660000000000000e+05
5.895662134299190990e-03 2.535158422210006416e+07 9.958500000000000000e+05
5.916600629045295177e-03 2.944270086587297544e+07 1.001722000000000000e+06
5.937555451052196204e-03 2.549709628462443501e+07 1.012572000000000000e+06
5.958502282595038585e-03 2.532512773131329566e+07 1.014340000000000000e+06
5.979450310435244220e-03 2.691696435715404153e+07 1.027810000000000000e+06
6.000386289893909139e-03 2.377355292312562093e+07 1.027342000000000000e+06
6.021316521619196269e-03 2.633824655327299237e+07 1.040824000000000000e+06
6.042248222996981187e-03 2.485711689196924865e+07 1.043012000000000000e+06
6.063191808203589016e-03 2.389724108086111024e+07 1.055506000000000000e+06
6.084156014741207673e-03 2.442283112267123535e+07 1.060694000000000000e+06
6.105098031896988298e-03 2.144510223517232388e+07 1.067122000000000000e+06
6.126045096320165487e-03 2.402729454960563406e+07 1.075762000000000000e+06
6.147012740620710035e-03 2.365518022908283770e+07 1.084606000000000000e+06
6.167959436111305691e-03 2.383535119134709612e+07 1.088162000000000000e+06
6.188894491932587019e-03 2.347720440499329567e+07 1.097898000000000000e+06
6.209841327112627582e-03 2.017852317116617039e+07 1.104138000000000000e+06
6.230780779989405528e-03 2.240420630253949761e+07 1.112582000000000000e+06
6.251728852262752358e-03 2.240000898170353845e+07 1.120042000000000000e+06
6.272672237590436878e-03 2.056429354916098341e+07 1.126258000000000000e+06
6.293606531353737252e-03 2.122374325057696179e+07 1.134620000000000000e+06
6.314525842076099474e-03 2.090500299340581521e+07 1.139818000000000000e+06
6.335480427082902134e-03 2.063291821799459681e+07 1.153700000000000000e+06
6.356446024588109298e-03 2.107767096485574916e+07 1.155926000000000000e+06
6.377367140193187893e-03 2.007598199360123649e+07 1.163874000000000000e+06
6.398313565908670709e-03 1.945768981705779582e+07 1.174882000000000000e+06
6.419260121280221526e-03 1.831499599245995656e+07 1.178282000000000000e+06
6.440218587345369547e-03 1.726413304810813069e+07 1.192332000000000000e+06
6.461158775814396064e-03 2.029271267896528915e+07 1.191242000000000000e+06
6.482075493038591193e-03 2.047232423494162038e+07 1.205140000000000000e+06
6.503021599461181537e-03 1.804902814856360853e+07 1.210806000000000000e+06
6.523983342755540656e-03 1.801413977110139281e+07 1.221506000000000000e+06
6.544934890755176732e-03 2.039811401933682710e+07 1.226362000000000000e+06
6.565871171090307754e-03 1.795809708619811013e+07 1.234482000000000000e+06
6.586833468300840218e-03 1.580246446867140010e+07 1.245910000000000000e+06
6.607797806640947937e-03 1.723778598736878484e+07 1.250240000000000000e+06
6.628727319026261194e-03 1.669219306187382713e+07 1.257554000000000000e+06
6.649661195173045547e-03 1.451067013222661428e+07 1.267192000000000000e+06
6.670604474610463894e-03 1.845988061194776371e+07 1.273586000000000000e+06
6.691533941440819776e-03 1.806547777446000278e+07 1.282714000000000000e+06
6.712465110591878462e-03 1.726168984953799099e+07 1.289062000000000000e+06
6.733402927879838379e-03 1.615483410830659233e+07 1.299768000000000000e+06
6.754377693055123484e-03 1.795838231408244371e+07 1.309778000000000000e+06
6.775342499181890438e-03 1.517330166359892488e+07 1.314924000000000000e+06
6.796254657177060871e-03 1.589422365725374594e+07 1.319702000000000000e+06
6.817187776562244790e-03 1.476433870228726789e+07 1.333208000000000000e+06
6.838151923094192876e-03 1.876569785738638043e+07 1.340212000000000000e+06
6.859103286713035333e-03 1.320102449904109724e+07 1.348454000000000000e+06
6.880052783898826275e-03 1.173803323622466996e+07 1.356042000000000000e+06
6.901007347581009782e-03 1.543234626497637294e+07 1.365818000000000000e+06
6.921969877109315772e-03 1.358535783668600768e+07 1.373154000000000000e+06
6.942887545347252616e-03 1.675980832193044759e+07 1.377196000000000000e+06
6.963785823996730337e-03 1.632982943448454142e+07 1.387268000000000000e+06
6.984754600336452561e-03 1.456737335772773437e+07 1.402330000000000000e+06
7.005695100548091706e-03 1.513014726903072745e+07 1.401214000000000000e+06
7.026622940060659253e-03 1.662800904910336435e+07 1.416810000000000000e+06
7.047573703016726983e-03 1.572715030203563161e+07 1.422122000000000000e+06
7.068510180821678882e-03 1.425915108120893128e+07 1.430634000000000000e+06
7.089459553652813044e-03 1.446158382252661884e+07 1.441006000000000000e+06
7.110410504685391736e-03 1.670639176487489231e+07 1.448832000000000000e+06
7.131375137393774002e-03 1.103615406092443317e+07 1.458732000000000000e+06
7.152328933453326251e-03 9.997540142860056832e+06 1.465678000000000000e+06
7.173251613590963041e-03 1.064970033544151857e+07 1.470370000000000000e+06
7.194203212912279530e-03 1.280029348121115938e+07 1.487866000000000000e+06
7.215157841321821926e-03 1.050649627111478150e+07 1.487870000000000000e+06
7.236108141261602018e-03 1.439903092694124393e+07 1.503962000000000000e+06
7.257048666689974378e-03 9.774009682842232287e+06 1.504850000000000000e+06
7.277960787602941184e-03 1.155762692041642405e+07 1.516066000000000000e+06
7.298904195271708681e-03 1.126619779833253101e+07 1.528222000000000000e+06
7.319871598940557236e-03 1.205909633902931027e+07 1.536026000000000000e+06
7.340813612849602515e-03 1.205297485171259195e+07 1.542330000000000000e+06
7.361742379966780374e-03 1.030948187271516025e+07 1.551846000000000000e+06
7.382683337923755078e-03 1.180658836739338748e+07 1.561504000000000000e+06
7.403644198201568029e-03 9.963008571126319468e+06 1.573074000000000000e+06
7.424582991544486157e-03 1.144605962585701607e+07 1.575546000000000000e+06
7.445529605290209657e-03 1.302619045304748975e+07 1.592096000000000000e+06
7.466481542023457874e-03 1.062436859202992171e+07 1.594450000000000000e+06
7.487417858727503719e-03 1.078138631165247969e+07 1.607282000000000000e+06
7.508358534842077443e-03 9.299916101648598909e+06 1.613718000000000000e+06
7.529281078305200513e-03 1.063785090576318651e+07 1.621618000000000000e+06
7.550232514422407053e-03 1.062085855045105517e+07 1.636714000000000000e+06
7.571170630036476445e-03 1.089054127222923003e+07 1.638078000000000000e+06
7.592116318725157693e-03 1.121685433914360218e+07 1.655090000000000000e+06
7.613077203628958525e-03 9.253361951028384268e+06 1.659706000000000000e+06
7.634011257516152942e-03 1.046782278000446036e+07 1.668002000000000000e+06
7.654973111713371005e-03 9.772534759889127687e+06 1.683910000000000000e+06
7.675911437617626704e-03 1.003698037801161595e+07 1.681432000000000000e+06
7.696841098506215610e-03 1.063604001464823447e+07 1.701434000000000000e+06
7.717798893418999912e-03 8.434734376338159665e+06 1.704454000000000000e+06
7.738762486991400055e-03 7.983457066270597279e+06 1.720330000000000000e+06
7.759712252735236591e-03 9.357428834424372762e+06 1.722076000000000000e+06
7.780626973772562273e-03 8.711174957079881802e+06 1.731610000000000000e+06
7.801564151514805458e-03 1.023850370584844798e+07 1.745606000000000000e+06
7.822528896693948727e-03 8.861114233955046162e+06 1.754440000000000000e+06
7.843486861125832307e-03 8.874406371966874227e+06 1.763148000000000000e+06
7.864428165107073543e-03 1.004937307600084692e+07 1.771182000000000000e+06
7.885344063475309070e-03 7.788981006627094932e+06 1.776490000000000000e+06
7.906293793786002208e-03 7.901064572004409507e+06 1.797170000000000000e+06
7.927252264594475753e-03 8.814643694495921955e+06 1.796022000000000000e+06
7.948181191653037533e-03 7.430343524893906899e+06 1.811602000000000000e+06
7.969123416133441773e-03 8.966872743355253711e+06 1.817522000000000000e+06
7.990049045727176322e-03 7.948138088625756092e+06 1.826640000000000000e+06
8.010985758534407142e-03 8.530809773556867614e+06 1.840112000000000000e+06
8.031951089543826194e-03 8.521148589566305280e+06 1.850280000000000000e+06
8.052912656648330073e-03 7.738087189350701869e+06 1.858716000000000000e+06
8.073879462498162116e-03 9.170916255368417129e+06 1.870668000000000000e+06
8.094817154052342742e-03 7.990942672828569077e+06 1.872580000000000000e+06
8.115739037859221253e-03 7.432941022759414278e+06 1.888154000000000000e+06
8.136680281278783552e-03 7.906300522338648327e+06 1.894416000000000000e+06
8.157642102452917349e-03 8.571749133652765304e+06 1.911736000000000000e+06
8.178579019049374982e-03 7.562473751385796815e+06 1.910298000000000000e+06
8.199510340422665883e-03 6.351743403235028498e+06 1.929098000000000000e+06
8.220466981858976993e-03 6.887747035673694685e+06 1.935862000000000000e+06
8.241409546366222985e-03 7.144244661472850479e+06 1.944570000000000000e+06
8.262329895134375157e-03 8.237746607124236412e+06 1.953184000000000000e+06
8.283274531472860705e-03 6.727661162021469325e+06 1.968266000000000000e+06
8.304243732694425312e-03 7.714808094468948431e+06 1.977462000000000000e+06
8.325172084878356554e-03 7.548287397634712048e+06 1.980932000000000000e+06
8.346110977185398905e-03 8.389857319742901251e+06 1.998474000000000000e+06
8.367063873327407891e-03 6.225296392304072157e+06 2.005446000000000000e+06
8.388004618475481886e-03 7.626412260486548766e+06 2.014266000000000000e+06
8.408965504008502484e-03 6.707351822626328096e+06 2.030650000000000000e+06
8.429908993488458013e-03 6.516098085320166312e+06 2.030774000000000000e+06
8.450841337145178697e-03 6.025495023861837573e+06 2.048722000000000000e+06
8.471798743828248129e-03 7.219015053610212170e+06 2.056106000000000000e+06
8.492749771888364815e-03 7.188603567865948193e+06 2.067218000000000000e+06
8.513671635141271607e-03 5.475938136776180007e+06 2.071678000000000000e+06
8.534592157513546176e-03 5.768279037988780998e+06 2.086386000000000000e+06
8.555562581404392575e-03 7.824377652050896548e+06 2.102840000000000000e+06
8.576520646810222373e-03 5.360987929965701886e+06 2.104270000000000000e+06
8.597448065562549036e-03 6.800941421341422014e+06 2.116892000000000000e+06
8.618403235739703974e-03 4.945258172902172431e+06 2.131000000000000000e+06
8.639352720922553741e-03 5.903708555104997009e+06 2.135924000000000000e+06
8.660285069356361137e-03 5.513074927273435518e+06 2.148804000000000000e+06
8.681205223995314482e-03 5.083371173105503432e+06 2.154268000000000000e+06
8.702158425108942608e-03 6.652081416833039373e+06 2.175194000000000000e+06
8.723117173314601236e-03 5.124418295145728625e+06 2.177926000000000000e+06
8.744034676417435439e-03 5.064953780108119361e+06 2.186538000000000000e+06
8.764979598380113687e-03 5.815831652675620280e+06 2.205194000000000000e+06
8.785932290615883558e-03 4.651989629842316732e+06 2.208550000000000000e+06
8.806871497174174196e-03 7.042193041939808987e+06 2.223482000000000000e+06
8.827818353898213982e-03 3.406748152282578405e+06 2.232786000000000000e+06
8.848780708483971677e-03 6.400419228337714449e+06 2.245720000000000000e+06
8.869734148017290043e-03 4.516283534375766292e+06 2.253774000000000000e+06
8.890665565399122339e-03 3.523350030189396348e+06 2.261258000000000000e+06
8.911620780301367228e-03 5.304357553326476365e+06 2.281412000000000000e+06
8.932585956974154265e-03 5.046209258254549466e+06 2.284316000000000000e+06
8.953533078438893900e-03 4.195113367898407392e+06 2.297788000000000000e+06
8.974470445141555577e-03 2.709930291773867793e+06 2.305698000000000000e+06
8.995400632408384958e-03 4.159926379101432860e+06 2.316138000000000000e+06
9.016319280554532800e-03 4.982839937662085518e+06 2.325814000000000000e+06
9.037253920177783229e-03 4.769244960847485811e+06 2.340042000000000000e+06
9.058201535340669464e-03 4.931141990630670451e+06 2.351186000000000000e+06
9.079154238139635485e-03 4.729517349120305851e+06 2.363414000000000000e+06
9.100131819131006966e-03 4.177886437155855820e+06 2.377410000000000000e+06
9.121064865455797213e-03 4.701925172296693549e+06 2.376306000000000000e+06
9.141981233745502533e-03 4.061708839521681424e+06 2.394608000000000000e+06
9.162941393257252251e-03 3.806226418387337122e+06 2.408926000000000000e+06
9.183881219560940251e-03 4.224822044387457892e+06 2.411756000000000000e+06
9.204824342633543405e-03 4.272661664837288670e+06 2.431120000000000000e+06
9.225777682404880109e-03 4.150869587849989999e+06 2.437312000000000000e+06
9.246722633724927323e-03 4.740045946766069159e+06 2.450328000000000000e+06
9.267663983415212747e-03 5.376894543750618584e+06 2.459196000000000000e+06
9.288593044584242051e-03 4.291725369547595270e+06 2.469910000000000000e+06
9.309529692482654967e-03 5.390536535212288611e+06 2.481922000000000000e+06
9.330483363834749314e-03 3.607030421292266343e+06 2.498194000000000000e+06
9.351439740104288204e-03 3.912994353316188790e+06 2.503298000000000000e+06
9.372388599119116023e-03 4.774959009202305228e+06 2.520374000000000000e+06
9.393301968195480120e-03 5.064867964457696304e+06 2.516170000000000000e+06
9.414235834829864924e-03 3.145553907268290874e+06 2.547408000000000000e+06
9.435212106359593121e-03 4.067803718725709710e+06 2.550832000000000000e+06
9.456163628275575730e-03 3.900749371189655270e+06 2.562104000000000000e+06
9.477103894004685128e-03 3.186879445453502703e+06 2.572700000000000000e+06
9.498052928690409180e-03 4.767972046955612488e+06 2.584858000000000000e+06
9.518996337879167408e-03 4.183411793984959368e+06 2.595756000000000000e+06
9.539931079276701281e-03 3.846277466335766017e+06 2.605620000000000000e+06
9.560880919817041010e-03 3.227851580364427064e+06 2.620648000000000000e+06
9.581832173066004432e-03 4.238618229651362635e+06 2.630984000000000000e+06
9.602776172309554145e-03 3.711137110572541598e+06 2.640290000000000000e+06
9.623715027609339862e-03 2.591097619618748780e+06 2.654362000000000000e+06
9.644649894599970422e-03 2.257947779289187398e+06 2.660726000000000000e+06
9.665582071407231510e-03 2.900652132256117184e+06 2.677114000000000000e+06
9.686517449193469270e-03 3.626960155433400068e+06 2.685762000000000000e+06
9.707473117854586650e-03 2.435577463858359959e+06 2.704274000000000000e+06
9.728424492467507151e-03 4.314156781638422981e+06 2.709196000000000000e+06
9.749369801231063185e-03 1.583406116312412079e+06 2.724820000000000000e+06
9.770324780499195158e-03 3.027355617964573205e+06 2.736208000000000000e+06
9.791264363435981874e-03 3.304522038430114277e+06 2.743768000000000000e+06
9.812205066557784516e-03 1.994607315390986856e+06 2.759730000000000000e+06
9.833160931073609348e-03 4.238611425011740997e+06 2.771952000000000000e+06
9.854097235485376888e-03 2.812817134756164160e+06 2.777268000000000000e+06
9.875037999319194806e-03 3.693876064396046102e+06 2.797782000000000000e+06
9.895989367209959489e-03 3.042558170276360586e+06 2.803642000000000000e+06
9.916927245804646462e-03 2.366129226808914915e+06 2.816794000000000000e+06
9.937869380779206993e-03 4.469707384160500951e+06 2.830062000000000000e+06
9.958826481688226248e-03 2.577797381434211973e+06 2.843378000000000000e+06
9.979774868813932540e-03 2.263327790850459132e+06 2.853154000000000000e+06
1.000069821143680093e-02 3.509661719952985179e+06 2.859412000000000000e+06
1.002162272426048405e-02 2.614760616843576543e+06 2.876980000000000000e+06
1.004256722830361090e-02 2.131103875919359736e+06 2.890392000000000000e+06
1.006351224970695318e-02 2.315297480244033504e+06 2.899476000000000000e+06
1.008446063218807962e-02 2.176833061462437734e+06 2.917726000000000000e+06
1.010541581371072160e-02 2.739562458576836623e+06 2.922866000000000000e+06
1.012636580884461457e-02 2.715496162860098761e+06 2.942762000000000000e+06
1.014732102857123473e-02 3.091298166402972303e+06 2.948244000000000000e+06
1.016825766198237169e-02 1.946551817904482363e+06 2.960844000000000000e+06
1.018918905674288770e-02 1.938715757651645457e+06 2.972272000000000000e+06
1.021013947687613235e-02 2.241571013901007362e+06 2.989284000000000000e+06
1.023108361089690790e-02 2.072344464846885530e+06 2.997166000000000000e+06
1.025204062939684586e-02 1.983699926277466817e+06 3.015898000000000000e+06
1.027298221161072195e-02 2.725115042916606646e+06 3.017474000000000000e+06
1.029391941887124878e-02 2.508196372132116463e+06 3.040014000000000000e+06
1.031486555176150399e-02 1.962361792438750155e+06 3.043856000000000000e+06
1.033581475106024050e-02 1.986002094520790502e+06 3.066500000000000000e+06
1.035676447297369587e-02 2.016036335341722239e+06 3.068136000000000000e+06
1.037770158394408018e-02 1.767214149762060493e+06 3.088024000000000000e+06
1.039863640906126679e-02 2.597626083295525983e+06 3.092690000000000000e+06
1.041958100057027194e-02 1.571428264901018236e+06 3.115154000000000000e+06
1.044053342563799371e-02 2.524821524226719048e+06 3.120446000000000000e+06
1.046146653361525874e-02 1.901916079669696046e+06 3.134098000000000000e+06
1.048241525249252702e-02 1.852451688260080991e+06 3.150914000000000000e+06
1.050334874905482253e-02 2.888593775803946890e+06 3.154270000000000000e+06
1.052428159857683905e-02 1.180905081587265246e+06 3.175378000000000000e+06
1.054523485558974544e-02 2.651589653627795633e+06 3.186922000000000000e+06
1.056617700374397686e-02 2.191770678884747904e+06 3.195530000000000000e+06
1.058712983125213031e-02 1.282827392323051579e+06 3.217292000000000000e+06
1.060807579670321535e-02 2.421553987741430756e+06 3.218148000000000000e+06
1.062901467447870466e-02 1.860523391687566182e+06 3.240616000000000000e+06
1.064997100637046258e-02 1.506836343467625324e+06 3.249184000000000000e+06
1.067092231155890997e-02 2.844035496316685341e+06 3.263600000000000000e+06
1.069184232595445962e-02 2.214366192564597819e+06 3.267524000000000000e+06
1.071278652053386446e-02 1.631157838353065308e+06 3.293642000000000000e+06
