# in Mpc/h Units 
# (k P_nu(k))
# a= 0.522988
# nk = 757
0.020944 2518.99
0.0296192 1194.11
0.036276 677.928
0.0418879 425.279
0.0468321 298.646
0.051302 227.676
0.0592384 148.296
0.0628319 123.844
0.0662306 98.8016
0.0694632 85.893
0.072552 76.166
0.0755145 56.3072
0.0783651 49.1078
0.0837758 44.9794
0.0863541 31.852
0.0888577 26.6452
0.0912926 25.7785
0.0936642 26.2147
0.0959772 19.4544
0.0982358 17.5023
0.102604 16.1685
0.10472 13.0922
0.106794 11.6756
0.108828 10.1555
0.112787 10.0111
0.114715 9.16397
0.118477 8.55277
0.120314 8.1892
0.122123 7.24288
0.123906 6.47383
0.125664 5.46776
0.127397 5.62786
0.129107 4.90954
0.132461 3.46053
0.134107 4.60658
0.135732 4.25882
0.137339 3.92543
0.138926 4.18262
0.140496 3.23917
0.142049 3.065
0.145104 1.15458
0.146608 2.6929
0.148096 2.61737
0.14957 2.57075
0.151029 2.60816
0.152474 2.48289
0.153906 2.22718
0.15673 1.8754
0.158123 1.90281
0.159504 1.86639
0.160874 1.60002
0.163577 1.88043
0.164913 1.41382
0.167552 1.36018
0.168856 1.21219
0.170149 1.41372
0.171434 1.28156
0.172708 1.20688
0.173974 1.07356
0.17523 1.17629
0.177715 1.36609
0.178945 0.8069
0.180167 0.985579
0.18138 1.06968
0.182585 0.740505
0.183782 0.829684
0.184972 0.91713
0.187328 0.723481
0.188496 0.89283
0.190347 0.667367
0.191954 0.802523
0.193094 0.623665
0.194226 0.686528
0.196472 0.633721
0.197585 0.667617
0.199006 0.697612
0.201976 0.640606
0.203059 0.469601
0.205208 0.476059
0.206274 0.555553
0.207335 0.45824
0.20839 0.521759
0.210326 0.477979
0.211524 0.557196
0.213587 0.344122
0.214612 0.371304
0.215631 0.403342
0.216957 0.385867
0.218661 0.312737
0.219662 0.420417
0.223129 0.295704
0.224599 0.283144
0.22618 0.331703
0.22751 0.370056
0.229429 0.278438
0.230383 0.299944
0.231604 0.285109
0.23416 0.234713
0.235095 0.238521
0.236954 0.289817
0.238108 0.257532
0.239975 0.238613
0.241537 0.198284
0.242444 0.216105
0.244844 0.185061
0.246417 0.180061
0.248401 0.191899
0.249576 0.162428
0.251327 0.146471
0.252777 0.183604
0.254191 0.177569
0.25601 0.170886
0.258214 0.150917
0.2594 0.140951
0.26075 0.0999585
0.262904 0.131738
0.265657 0.138883
0.266722 0.103908
0.268622 0.108522
0.269844 0.141592
0.271964 0.122065
0.273543 0.116329
0.275842 0.10014
0.277853 0.129521
0.279641 0.106059
0.28148 0.111509
0.282936 0.0925892
0.285198 0.10112
0.286404 0.0828681
0.288084 0.0880051
0.291553 0.0792875
0.292736 0.0866555
0.294335 0.080119
0.296659 0.0708859
0.298323 0.0640972
0.300394 0.0732012
0.302928 0.0623978
0.304588 0.061444
0.305974 0.0673054
0.308578 0.0600055
0.310884 0.0544659
0.312408 0.0504884
0.314799 0.0528714
0.317265 0.0563286
0.319597 0.0462154
0.320771 0.0438117
0.3227 0.0454155
0.32574 0.0456725
0.32795 0.0442396
0.330224 0.0454201
0.331726 0.0381575
0.333831 0.0406073
0.336246 0.0379603
0.338319 0.0403423
0.341157 0.0373412
0.343593 0.0303955
0.346262 0.0303894
0.347842 0.0273549
0.350326 0.0319017
0.352828 0.0261398
0.354442 0.027663
0.356776 0.0276193
0.359142 0.0272053
0.361681 0.0244908
0.363857 0.0239752
0.366441 0.0217196
0.368657 0.0230419
0.371486 0.0237294
0.374587 0.0197279
0.376839 0.0204983
0.379079 0.0200258
0.38178 0.0158911
0.384712 0.0182848
0.386663 0.0159166
0.389313 0.0166312
0.39167 0.0169706
0.394428 0.016805
0.397811 0.0148441
0.400019 0.0174899
0.402781 0.0150384
0.405015 0.0144946
0.40766 0.0151255
0.410865 0.0126419
0.413244 0.0131858
0.416084 0.0116929
0.418986 0.012216
0.421544 0.0114361
0.424534 0.0110571
0.42751 0.00986517
0.430034 0.0112565
0.432751 0.0104435
0.436344 0.00828819
0.438896 0.0102313
0.44171 0.00850454
0.444585 0.00861698
0.447784 0.00824179
0.45034 0.00757568
0.453413 0.00730982
0.456575 0.00660553
0.459787 0.00697822
0.462622 0.00672364
0.465862 0.00675244
0.468802 0.00671841
0.471915 0.00596388
0.475472 0.00567715
0.478779 0.00599016
0.481919 0.00575346
0.484939 0.00533662
0.488502 0.00506815
0.491034 0.00493832
0.494348 0.00469223
0.497688 0.00442325
0.500527 0.00477064
0.504331 0.00423236
0.507364 0.00424055
0.510774 0.00410383
0.514275 0.00392996
0.517978 0.00367325
0.521294 0.00366079
0.524822 0.00329489
0.527973 0.00328751
0.531698 0.00324469
0.535226 0.00315348
0.539103 0.00294739
0.543 0.00280764
0.546011 0.00284186
0.549827 0.00263996
0.55369 0.00255405
0.557166 0.00256512
0.560475 0.00252681
0.564609 0.00241715
0.56859 0.00218095
0.572441 0.00214338
0.5763 0.00202154
0.580121 0.00204492
0.583625 0.00194591
0.587525 0.00190851
0.591428 0.0017743
0.595301 0.00175541
0.599624 0.0017376
0.603294 0.00164506
0.60771 0.00153266
0.611568 0.00163056
0.615779 0.00148014
0.619303 0.00144798
0.623194 0.00134905
0.627636 0.00133482
0.631826 0.00129553
0.635971 0.00121598
0.64039 0.0012643
0.644956 0.00114453
0.649302 0.00115124
0.653461 0.00111962
0.657644 0.00105462
0.662026 0.00102484
0.666685 0.000934588
0.670916 0.000987191
0.675462 0.000945557
0.679703 0.000898258
0.684292 0.000879318
0.688927 0.000816898
0.693468 0.000784506
0.698026 0.000743788
0.702952 0.000733775
0.707372 0.000708547
0.712317 0.000704974
0.716936 0.000665543
0.721869 0.000643458
0.726964 0.000615884
0.73163 0.000589847
0.736224 0.000568187
0.74119 0.000547514
0.746118 0.000536532
0.751313 0.000492472
0.756133 0.000517112
0.761156 0.000491349
0.766095 0.000477774
0.771205 0.000456713
0.776456 0.000449203
0.781432 0.000418772
0.786733 0.00040453
0.791574 0.000397128
0.797255 0.000382524
0.802676 0.000360301
0.808005 0.000366736
0.813482 0.000344319
0.818759 0.000348236
0.824173 0.000312744
0.829708 0.000310231
0.834919 0.000308414
0.840568 0.000289807
0.846479 0.000280426
0.851948 0.000267452
0.857592 0.000257253
0.863369 0.000260694
0.869182 0.000241679
0.874831 0.000237499
0.880682 0.000230389
0.886294 0.000224488
0.892352 0.000213975
0.898399 0.000216485
0.904229 0.000196473
0.910231 0.000192016
0.916513 0.00018271
0.922651 0.000177073
0.92895 0.000174701
0.935092 0.000163018
0.940995 0.000159091
0.947406 0.000157481
0.953652 0.000149688
0.960017 0.000142026
0.966595 0.000143528
0.972908 0.000134881
0.979222 0.000129766
0.985855 0.000128249
0.992666 0.00012338
0.998881 0.00011739
1.00551 0.000110683
1.01216 0.000112204
1.01908 0.000109355
1.02599 0.00010334
1.03271 0.0001001
1.03948 9.75563e-05
1.04641 9.25266e-05
1.05346 9.11031e-05
1.06036 8.74239e-05
1.0676 8.48838e-05
1.07471 8.25065e-05
1.08175 7.77589e-05
1.08895 7.61524e-05
1.09637 7.63292e-05
1.10369 7.26831e-05
1.11092 6.88247e-05
1.1181 6.80178e-05
1.12573 6.39596e-05
1.1332 6.27165e-05
1.14081 6.19933e-05
1.14829 5.79511e-05
1.15605 5.80105e-05
1.16374 5.47845e-05
1.1717 5.26888e-05
1.17935 5.0139e-05
1.18713 4.88669e-05
1.195 4.70233e-05
1.20281 4.58863e-05
1.21088 4.49653e-05
1.21904 4.34958e-05
1.22715 4.1611e-05
1.23533 3.97313e-05
1.24354 3.90705e-05
1.25174 3.70881e-05
1.26013 3.5773e-05
1.26845 3.53682e-05
1.27706 3.40725e-05
1.28545 3.29929e-05
1.29387 3.18387e-05
1.3027 3.05327e-05
1.31143 2.95526e-05
1.3202 2.88105e-05
1.32891 2.7372e-05
1.33775 2.63263e-05
1.34663 2.58436e-05
1.35548 2.46131e-05
1.3645 2.39319e-05
1.37362 2.3812e-05
1.38289 2.24306e-05
1.39214 2.13311e-05
1.40146 2.09361e-05
1.41076 2.01118e-05
1.42016 1.96931e-05
1.42955 1.92258e-05
1.43897 1.83058e-05
1.44856 1.76038e-05
1.45815 1.70077e-05
1.46783 1.64663e-05
1.47755 1.5726e-05
1.48753 1.53507e-05
1.4975 1.49177e-05
1.50759 1.44481e-05
1.51744 1.40459e-05
1.52762 1.35304e-05
1.53782 1.30587e-05
1.54798 1.25778e-05
1.55817 1.2406e-05
1.56867 1.19577e-05
1.579 1.15161e-05
1.58955 1.10328e-05
1.60018 1.06356e-05
1.61084 1.0488e-05
1.62148 9.90829e-06
1.63242 9.66969e-06
1.64322 9.34377e-06
1.65411 9.02794e-06
1.66512 8.70134e-06
1.67627 8.37755e-06
1.68736 8.2454e-06
1.69863 7.896e-06
1.70994 7.57039e-06
1.72135 7.27492e-06
1.73279 7.11179e-06
1.74428 6.81358e-06
1.75588 6.5846e-06
1.76756 6.37264e-06
1.77941 6.21483e-06
1.79124 5.97137e-06
1.80325 5.76955e-06
1.81507 5.66455e-06
1.82722 5.4117e-06
1.83948 5.24262e-06
1.85166 5.04655e-06
1.86408 4.8903e-06
1.87633 4.74489e-06
1.88886 4.57199e-06
1.90144 4.4042e-06
1.914 4.28126e-06
1.92679 4.08106e-06
1.93957 3.97281e-06
1.95256 3.84581e-06
1.96563 3.73712e-06
1.97869 3.60254e-06
1.99179 3.47395e-06
2.00509 3.34326e-06
2.01846 3.25727e-06
2.03193 3.16159e-06
2.04528 3.03653e-06
2.05892 2.92106e-06
2.07279 2.80317e-06
2.0865 2.73572e-06
2.10039 2.62206e-06
2.11443 2.53595e-06
2.12845 2.47655e-06
2.14263 2.37637e-06
2.15695 2.31543e-06
2.17119 2.21635e-06
2.18567 2.14555e-06
2.20036 2.07873e-06
2.21494 2.01123e-06
2.22958 1.92183e-06
2.24445 1.85389e-06
2.25936 1.79985e-06
2.27439 1.74319e-06
2.28969 1.68549e-06
2.30493 1.61879e-06
2.32027 1.56964e-06
2.33573 1.51075e-06
2.35122 1.45466e-06
2.3669 1.40868e-06
2.38266 1.36038e-06
2.39847 1.31163e-06
2.41442 1.27546e-06
2.43055 1.22106e-06
2.44673 1.18245e-06
2.4629 1.14446e-06
2.47932 1.10806e-06
2.4959 1.06466e-06
2.51254 1.02682e-06
2.52927 9.90911e-07
2.54604 9.59924e-07
2.56299 9.27081e-07
2.58009 8.97e-07
2.5973 8.67628e-07
2.61455 8.31843e-07
2.63195 8.05932e-07
2.64948 7.72742e-07
2.66707 7.47775e-07
2.68485 7.25359e-07
2.70286 6.98628e-07
2.72085 6.7082e-07
2.73892 6.49835e-07
2.75712 6.25524e-07
2.77543 6.05363e-07
2.79389 5.83344e-07
2.81251 5.66233e-07
2.83127 5.44993e-07
2.85007 5.24557e-07
2.86897 5.07577e-07
2.88818 4.89643e-07
2.90739 4.71875e-07
2.92669 4.56822e-07
2.94616 4.41038e-07
2.96573 4.24569e-07
2.98548 4.09249e-07
3.00539 3.94458e-07
3.02539 3.79226e-07
3.04557 3.65633e-07
3.06592 3.54462e-07
3.0863 3.43088e-07
3.10684 3.30233e-07
3.12756 3.19622e-07
3.1484 3.0613e-07
3.16935 2.9567e-07
3.19042 2.84892e-07
3.21172 2.73764e-07
3.2331 2.63528e-07
3.25451 2.56315e-07
3.27615 2.4697e-07
3.2979 2.37032e-07
3.31984 2.29636e-07
3.34198 2.20365e-07
3.3643 2.1283e-07
3.38673 2.05466e-07
3.40918 1.98759e-07
3.43196 1.90876e-07
3.45493 1.85071e-07
3.47788 1.77014e-07
3.50098 1.71025e-07
3.52428 1.65568e-07
3.54776 1.59218e-07
3.5713 1.53337e-07
3.59506 1.48169e-07
3.61902 1.42619e-07
3.64313 1.37634e-07
3.66736 1.32512e-07
3.69182 1.2758e-07
3.71639 1.23146e-07
3.7411 1.18032e-07
3.76602 1.14304e-07
3.7911 1.09713e-07
3.81637 1.0567e-07
3.8418 1.02274e-07
3.8673 9.82668e-08
3.89298 9.48627e-08
3.91895 9.13006e-08
3.94503 8.8313e-08
3.97125 8.47222e-08
3.99772 8.13736e-08
4.02443 7.84464e-08
4.05121 7.57903e-08
4.07809 7.29729e-08
4.10526 7.02567e-08
4.13259 6.78432e-08
4.16008 6.52559e-08
4.18785 6.28497e-08
4.21573 6.04562e-08
4.24371 5.82835e-08
4.27197 5.59575e-08
4.30044 5.40163e-08
4.32905 5.19333e-08
4.35788 5.00412e-08
4.38688 4.82076e-08
4.41605 4.64356e-08
4.44546 4.48187e-08
4.47509 4.29366e-08
4.50493 4.14126e-08
4.53494 4.00175e-08
4.56506 3.83248e-08
4.59545 3.69668e-08
4.62609 3.55956e-08
4.65691 3.42066e-08
4.68789 3.2879e-08
4.71906 3.17529e-08
4.75048 3.05989e-08
4.78209 2.94539e-08
4.8139 2.83085e-08
4.84595 2.72072e-08
4.87821 2.62706e-08
4.91071 2.51927e-08
4.94338 2.43545e-08
4.97629 2.33747e-08
5.00945 2.24832e-08
5.04276 2.16531e-08
5.07626 2.09052e-08
5.1101 2.01095e-08
5.14418 1.93424e-08
5.1784 1.85945e-08
5.21287 1.79303e-08
5.24757 1.72281e-08
5.2825 1.65923e-08
5.31768 1.59872e-08
5.35308 1.53633e-08
5.38871 1.48049e-08
5.42459 1.42464e-08
5.46071 1.36652e-08
5.49705 1.31418e-08
5.53363 1.26574e-08
5.57046 1.21911e-08
5.60749 1.17255e-08
5.64482 1.12882e-08
5.68244 1.08598e-08
5.72029 1.04556e-08
5.7584 1.00499e-08
5.79671 9.65509e-09
5.83528 9.29201e-09
5.87416 8.93994e-09
5.91325 8.62245e-09
5.95258 8.2847e-09
5.99221 7.95649e-09
6.03213 7.67658e-09
6.07232 7.38098e-09
6.11272 7.09445e-09
6.15341 6.82195e-09
6.1944 6.55994e-09
6.23563 6.30516e-09
6.27716 6.07724e-09
6.31895 5.83937e-09
6.36099 5.61526e-09
6.40334 5.40344e-09
6.44597 5.19893e-09
6.48883 5.00445e-09
6.53202 4.80637e-09
6.57553 4.62013e-09
6.61931 4.44523e-09
6.66339 4.27511e-09
6.70776 4.11989e-09
6.7524 3.95727e-09
6.79737 3.80645e-09
6.84263 3.65613e-09
6.88816 3.52308e-09
6.93399 3.38843e-09
6.98015 3.26344e-09
7.02663 3.13561e-09
7.0734 3.0104e-09
7.12047 2.90122e-09
7.16789 2.79094e-09
7.21564 2.68208e-09
7.26365 2.57914e-09
7.312 2.48254e-09
7.36069 2.38855e-09
7.40968 2.29898e-09
7.459 2.20929e-09
7.50862 2.12511e-09
7.5586 2.04698e-09
7.60894 1.96922e-09
7.65961 1.89457e-09
7.7106 1.82274e-09
7.76192 1.751e-09
7.81363 1.68452e-09
7.86566 1.6226e-09
7.91801 1.56114e-09
7.97072 1.50261e-09
8.02376 1.44761e-09
8.07717 1.39442e-09
8.13095 1.33927e-09
8.18507 1.28958e-09
8.23956 1.24209e-09
8.29442 1.19469e-09
8.34962 1.15083e-09
8.40521 1.10758e-09
8.46119 1.06632e-09
8.51752 1.02655e-09
8.57417 9.87976e-10
8.63126 9.51924e-10
8.68876 9.15688e-10
8.74657 8.8266e-10
8.80479 8.49566e-10
8.86345 8.1913e-10
8.92244 7.89415e-10
8.98183 7.61346e-10
9.04164 7.33571e-10
9.10181 7.07416e-10
9.1624 6.82502e-10
9.22341 6.58226e-10
9.28477 6.35212e-10
9.34659 6.12315e-10
9.40883 5.91935e-10
9.47148 5.71263e-10
9.53453 5.51369e-10
9.59797 5.33347e-10
9.66188 5.1484e-10
9.72619 4.97975e-10
9.79093 4.81683e-10
9.85612 4.65892e-10
9.92173 4.51216e-10
9.98778 4.36508e-10
10.0543 4.23288e-10
10.1212 4.09843e-10
10.1886 3.97837e-10
10.2564 3.8609e-10
10.3247 3.75158e-10
10.3934 3.64436e-10
10.4626 3.5439e-10
10.5323 3.44753e-10
10.6024 3.35849e-10
10.6729 3.2724e-10
10.7439 3.18096e-10
10.8154 3.0704e-10
10.8874 2.95831e-10
10.9599 2.85798e-10
11.0329 2.7586e-10
11.1063 2.65939e-10
11.1802 2.56744e-10
11.2546 2.47994e-10
11.3296 2.39248e-10
11.405 2.312e-10
11.4809 2.23198e-10
11.5573 2.15738e-10
11.6343 2.08565e-10
11.7117 2.01428e-10
11.7897 1.9493e-10
11.8682 1.8844e-10
11.9472 1.82087e-10
12.0267 1.76294e-10
12.1068 1.70618e-10
12.1874 1.65108e-10
12.2685 1.60047e-10
12.3502 1.55062e-10
12.4324 1.50169e-10
12.5151 1.456e-10
12.5985 1.41157e-10
12.6823 1.36856e-10
12.7667 1.32829e-10
12.8517 1.2897e-10
12.9373 1.25344e-10
13.0234 1.21748e-10
13.1101 1.18499e-10
13.1973 1.15195e-10
13.2852 1.12188e-10
13.3736 1.09254e-10
13.4626 1.06639e-10
13.5522 1.03993e-10
13.6424 1.01732e-10
13.7332 9.92574e-11
13.8247 9.7044e-11
13.9167 9.48988e-11
14.0093 9.30434e-11
14.1025 9.11873e-11
14.1964 8.93437e-11
14.2909 8.76285e-11
14.386 8.62e-11
14.4818 8.45952e-11
14.5781 8.30191e-11
14.6751 8.15307e-11
14.7727 8.00117e-11
14.8711 7.83468e-11
14.97 7.64492e-11
15.0695 7.41685e-11
15.1698 7.17948e-11
15.2709 6.94022e-11
15.3726 6.7405e-11
15.4749 6.57468e-11
15.5779 6.4099e-11
15.6816 6.27236e-11
15.786 6.16191e-11
15.8911 6.04889e-11
15.9968 5.93408e-11
16.1033 5.84923e-11
16.2104 5.78141e-11
16.3183 5.69969e-11
16.4269 5.65956e-11
16.5362 5.61148e-11
16.6462 5.57179e-11
16.757 5.56304e-11
16.8685 5.55631e-11
16.9806 5.57112e-11
17.0936 5.64186e-11
17.2072 5.65947e-11
17.3216 5.71602e-11
17.4366 5.79472e-11
17.5525 5.88289e-11
17.6693 6.03443e-11
17.7861 6.17818e-11
17.9035 6.34758e-11
18.0221 6.53906e-11
18.1408 6.84169e-11
18.2586 7.112e-11
18.374 7.40021e-11
18.4789 7.06464e-11
