0.000000000000000000e+00 0.000000000000000000e+00 1.000000000000000000e+00
2.966547016023049222e-05 1.635559284354146875e+13 2.600000000000000000e+01
5.419127478489826899e-05 8.960944709069402344e+12 9.600000000000000000e+01
7.352296279350412078e-05 6.359972456333166992e+12 1.280000000000000000e+02
9.389855742568236892e-05 4.501909016042958008e+12 2.580000000000000000e+02
1.158725991235069817e-04 3.300446632165211914e+12 4.160000000000000000e+02
1.366478460172924035e-04 2.506167643488674316e+12 4.880000000000000000e+02
1.565363249687504838e-04 2.140988292695687988e+12 6.900000000000000000e+02
1.778955720510566607e-04 1.752735446965553467e+12 9.440000000000000000e+02
1.990977003143960138e-04 1.497953672719914551e+12 1.116000000000000000e+03
2.195136083065773482e-04 1.354512486452687988e+12 1.350000000000000000e+03
2.401897563775092642e-04 1.160185251568724365e+12 1.640000000000000000e+03
2.614777619907888030e-04 1.043244798164371582e+12 2.012000000000000000e+03
2.828791348991739033e-04 9.641859506899752197e+11 2.342000000000000000e+03
3.035493481013598746e-04 8.424551995659227295e+11 2.520000000000000000e+03
3.241235762803953654e-04 7.766737760856900635e+11 3.044000000000000000e+03
3.452349808782958856e-04 7.362618170056542969e+11 3.402000000000000000e+03
3.663220373959401657e-04 6.434760366857572021e+11 3.908000000000000000e+03
3.870323335420426084e-04 6.070125991263232422e+11 4.164000000000000000e+03
4.079442765424508136e-04 5.941924776693118896e+11 4.850000000000000000e+03
4.290508288495219961e-04 5.491330730089227905e+11 5.278000000000000000e+03
4.499199264962810215e-04 5.084148873871916504e+11 5.738000000000000000e+03
4.706853420837009763e-04 4.969174620627260742e+11 6.328000000000000000e+03
4.917663743978291802e-04 4.644258131983305054e+11 7.038000000000000000e+03
5.127686723343992349e-04 4.505147507973230591e+11 7.412000000000000000e+03
5.337335542319532940e-04 4.236978536500329590e+11 8.330000000000000000e+03
5.549800201446776493e-04 4.067304783134382935e+11 8.874000000000000000e+03
5.759912130300024738e-04 3.867782548489557495e+11 9.566000000000000000e+03
5.967421699262660242e-04 3.748595118485714111e+11 9.906000000000000000e+03
6.175678115601301518e-04 3.678770210938945923e+11 1.109600000000000000e+04
6.383415719683501301e-04 3.470243596891082764e+11 1.137600000000000000e+04
6.593344981926793028e-04 3.425487805647015991e+11 1.272200000000000000e+04
6.803914028984011904e-04 3.359429716921721191e+11 1.320200000000000000e+04
7.014542198821641355e-04 3.151192269004300537e+11 1.425000000000000000e+04
7.224268553394682778e-04 3.094627804777207031e+11 1.487800000000000000e+04
7.433377686538733542e-04 3.022609411618162842e+11 1.585600000000000000e+04
7.643057570345914353e-04 2.896994583152043457e+11 1.670800000000000000e+04
7.850935419370501942e-04 2.864072185714304199e+11 1.747000000000000000e+04
8.060212137376749925e-04 2.787850635312206421e+11 1.871400000000000000e+04
8.270109035013945616e-04 2.670446215730447388e+11 1.961800000000000000e+04
8.478809236624057499e-04 2.612322383314942627e+11 2.043000000000000000e+04
8.688274482596475756e-04 2.576956688704949951e+11 2.175400000000000000e+04
8.898088481166329831e-04 2.527064880069144287e+11 2.265800000000000000e+04
9.108524687755773560e-04 2.447918437462262268e+11 2.397800000000000000e+04
9.318601638592801609e-04 2.408388427569558716e+11 2.485400000000000000e+04
9.528007574779614975e-04 2.337092456485883179e+11 2.602400000000000000e+04
9.736277382378045672e-04 2.267953835760175781e+11 2.680400000000000000e+04
9.944946999702632389e-04 2.256712575073016663e+11 2.852400000000000000e+04
1.015482989633682571e-03 2.184544659479085999e+11 2.942800000000000000e+04
1.036461902710500557e-03 2.104273087796991272e+11 3.101800000000000000e+04
1.057439497869204059e-03 2.112866914327161255e+11 3.183400000000000000e+04
1.078443002355871467e-03 2.037266471888154602e+11 3.375000000000000000e+04
1.099452363638649902e-03 2.013113028345721436e+11 3.444800000000000000e+04
1.120486208476862908e-03 2.003160448524709778e+11 3.637200000000000000e+04
1.141303192916390957e-03 1.934258746929999390e+11 3.654000000000000000e+04
1.162186681874016400e-03 1.911620047537807617e+11 3.914000000000000000e+04
1.183149620925968070e-03 1.854603384229002991e+11 3.983400000000000000e+04
1.203997363442231659e-03 1.834411584830847473e+11 4.135400000000000000e+04
1.224944994418043515e-03 1.789029854887555847e+11 4.321400000000000000e+04
1.245889918711711548e-03 1.762497289341803894e+11 4.425600000000000000e+04
1.266922621965076200e-03 1.723333633091053162e+11 4.647600000000000000e+04
1.287887052574165437e-03 1.691901347935247498e+11 4.724600000000000000e+04
1.308810967468131744e-03 1.703457290993013000e+11 4.912200000000000000e+04
1.329835386524824215e-03 1.624414618268628540e+11 5.109800000000000000e+04
1.350750192873838166e-03 1.615375525686249084e+11 5.163600000000000000e+04
1.371711424745301715e-03 1.592225862554240417e+11 5.462800000000000000e+04
1.392624036365390158e-03 1.567566354260060120e+11 5.472000000000000000e+04
1.413485876467941759e-03 1.541299881255885315e+11 5.752400000000000000e+04
1.434504920091316795e-03 1.519807106840787354e+11 5.916600000000000000e+04
1.455479173956697328e-03 1.484606817689971008e+11 6.061000000000000000e+04
1.476360066582646643e-03 1.466184081388800964e+11 6.220800000000000000e+04
1.497238293198690064e-03 1.440462679937684326e+11 6.403800000000000000e+04
1.518151436351234361e-03 1.410921829428025513e+11 6.588400000000000000e+04
1.539225064965316948e-03 1.399641486634217834e+11 6.897000000000000000e+04
1.560248804580790637e-03 1.375093291736965027e+11 6.916200000000000000e+04
1.581182494113146002e-03 1.347872329612714233e+11 7.207800000000000000e+04
1.602151900066207339e-03 1.333238901314232330e+11 7.331200000000000000e+04
1.623050404003984794e-03 1.303836570404332275e+11 7.529200000000000000e+04
1.643913830382842884e-03 1.285603412893931274e+11 7.717200000000000000e+04
1.664841698923051399e-03 1.281017434039923706e+11 7.932400000000000000e+04
1.685763907790326479e-03 1.262316325371905823e+11 8.137800000000000000e+04
1.706688757368782965e-03 1.236861154821600647e+11 8.339000000000000000e+04
1.727724992430916670e-03 1.226179338351550903e+11 8.624000000000000000e+04
1.748707814916582084e-03 1.201490129341922302e+11 8.733200000000000000e+04
1.769605465165582101e-03 1.176178020265239258e+11 8.936000000000000000e+04
1.790549613119530193e-03 1.167963075861507416e+11 9.240800000000000000e+04
1.811543500644504680e-03 1.156060483328106689e+11 9.379400000000000000e+04
1.832485551308853837e-03 1.145665674908479919e+11 9.642600000000000000e+04
1.853319488606598731e-03 1.124861210332388306e+11 9.719800000000000000e+04
1.874292282546716334e-03 1.092926013199600220e+11 1.019700000000000000e+05
1.895341291622483146e-03 1.077592794145960388e+11 1.027860000000000000e+05
1.916270427068929782e-03 1.082277515555891724e+11 1.049680000000000000e+05
1.937202914037521083e-03 1.064457359656031647e+11 1.077600000000000000e+05
1.958149652614909336e-03 1.037476547979463196e+11 1.096340000000000000e+05
1.979058784035020620e-03 1.026734068915167236e+11 1.119540000000000000e+05
1.999993474540890347e-03 1.012815215523937378e+11 1.148600000000000000e+05
2.020922110787634791e-03 9.994493189695329285e+10 1.164680000000000000e+05
2.041850748222624919e-03 9.864954407598687744e+10 1.198100000000000000e+05
2.062892259723775670e-03 9.697700116281201172e+10 1.226000000000000000e+05
2.083837585308887137e-03 9.561396564242712402e+10 1.238080000000000000e+05
2.104695197375418270e-03 9.390171257677449036e+10 1.265460000000000000e+05
2.125687115869021645e-03 9.320410396620556641e+10 1.301860000000000000e+05
2.146635125921985115e-03 9.104666403226142883e+10 1.314520000000000000e+05
2.167576534851236702e-03 9.088446703412788391e+10 1.350760000000000000e+05
2.188537900573890582e-03 8.936051622849476624e+10 1.369860000000000000e+05
2.209470176440963673e-03 8.741138018120912170e+10 1.399720000000000000e+05
2.230421037305644043e-03 8.680078514603507996e+10 1.422760000000000000e+05
2.251386027648449254e-03 8.648856772596995544e+10 1.460180000000000000e+05
2.272319819886492107e-03 8.487444893502734375e+10 1.468260000000000000e+05
2.293227522635792395e-03 8.351574536052697754e+10 1.512680000000000000e+05
2.314122960978284415e-03 8.272507282493013000e+10 1.520520000000000000e+05
2.335065946034262530e-03 8.167118542757751465e+10 1.574900000000000000e+05
2.356048445895948112e-03 8.065681498528181458e+10 1.585880000000000000e+05
2.377009828332220329e-03 7.937539449652894592e+10 1.622040000000000000e+05
2.397976401052556630e-03 7.855207802961973572e+10 1.649380000000000000e+05
2.418954157325603569e-03 7.721564199443836975e+10 1.679380000000000000e+05
2.439905991183916652e-03 7.661854127465927124e+10 1.704060000000000000e+05
2.460851374860760499e-03 7.554958122902532959e+10 1.736020000000000000e+05
2.481781295393546607e-03 7.483571444956895447e+10 1.760100000000000000e+05
2.502650413933086952e-03 7.348837920312818909e+10 1.788440000000000000e+05
2.523591626582233523e-03 7.284403408914955139e+10 1.827160000000000000e+05
2.544558463805404389e-03 7.189072484590625000e+10 1.857620000000000000e+05
2.565532067070480388e-03 7.073567605390605164e+10 1.886940000000000000e+05
2.586503041233372598e-03 7.021575028799406433e+10 1.920580000000000000e+05
2.607450880409729367e-03 6.903059318217041016e+10 1.945460000000000000e+05
2.628464482732199327e-03 6.841067826334202576e+10 1.993060000000000000e+05
2.649320156313930263e-03 6.742304946037774658e+10 1.981720000000000000e+05
2.670164066336059953e-03 6.670016405007918549e+10 2.050680000000000000e+05
2.691132520107587366e-03 6.614473526031938171e+10 2.071700000000000000e+05
2.712101461832686425e-03 6.515398466941630554e+10 2.115720000000000000e+05
2.733066501623578320e-03 6.380233846604298401e+10 2.134840000000000000e+05
2.753990483622856169e-03 6.359941346217664337e+10 2.174580000000000000e+05
2.774979431304217935e-03 6.296212532874993896e+10 2.212500000000000000e+05
2.795995700070591679e-03 6.189229498373838806e+10 2.249240000000000000e+05
2.816904271298328270e-03 6.133619463527623749e+10 2.257300000000000000e+05
2.837790049867310559e-03 6.069122721168275452e+10 2.306920000000000000e+05
2.858753194608672828e-03 5.976917556673167419e+10 2.348280000000000000e+05
2.879705102950846397e-03 5.927772913044052124e+10 2.368760000000000000e+05
2.900616066266185639e-03 5.858011090589160156e+10 2.411780000000000000e+05
2.921550576131295204e-03 5.800400476957543945e+10 2.439500000000000000e+05
2.942504689292785910e-03 5.713201506571240234e+10 2.488020000000000000e+05
2.963447957150189965e-03 5.663774779671237946e+10 2.511200000000000000e+05
2.984364966659551650e-03 5.603161608851096344e+10 2.546280000000000000e+05
3.005322098225685339e-03 5.540934945123662567e+10 2.598680000000000000e+05
3.026287417299484365e-03 5.501358175618610382e+10 2.614840000000000000e+05
3.047254626029334383e-03 5.385635166236647034e+10 2.676900000000000000e+05
3.068223221635749381e-03 5.347447576105228424e+10 2.686860000000000000e+05
3.089160096736553313e-03 5.307538109980017090e+10 2.740100000000000000e+05
3.110118452408271693e-03 5.242975342977938843e+10 2.770260000000000000e+05
3.131101157249004466e-03 5.176319794630336761e+10 2.818260000000000000e+05
3.152012107737241914e-03 5.116651565922803497e+10 2.829960000000000000e+05
3.172901328297306114e-03 5.040681607809603119e+10 2.883560000000000000e+05
3.193813538822268261e-03 4.990239521634329987e+10 2.913460000000000000e+05
3.214800502530194403e-03 4.956654540017469788e+10 2.982600000000000000e+05
3.235793302476244835e-03 4.912704700419488525e+10 2.990520000000000000e+05
3.256696732262139276e-03 4.849247991017265320e+10 3.037380000000000000e+05
3.277615792439744248e-03 4.798323216591398621e+10 3.069620000000000000e+05
3.298528834693501607e-03 4.747587691275826263e+10 3.116520000000000000e+05
3.319504985833824327e-03 4.694729621106108856e+10 3.167800000000000000e+05
3.340473107414497489e-03 4.633764022196607208e+10 3.191460000000000000e+05
3.361372050816498203e-03 4.589400549357790375e+10 3.229880000000000000e+05
3.382344779781507396e-03 4.542245069763723755e+10 3.290040000000000000e+05
3.403324916305406657e-03 4.475457561021387482e+10 3.320080000000000000e+05
3.424255332119448009e-03 4.446032825991784668e+10 3.352720000000000000e+05
3.445207728865935532e-03 4.403672487682828522e+10 3.407300000000000000e+05
3.466168487889234595e-03 4.353364172972951508e+10 3.443120000000000000e+05
3.487106416179204613e-03 4.300318648446199036e+10 3.477240000000000000e+05
3.508026612012424706e-03 4.257344228973039246e+10 3.527900000000000000e+05
3.528938131544482899e-03 4.221707429046944427e+10 3.551460000000000000e+05
3.549886480972501337e-03 4.190689278810078430e+10 3.626560000000000000e+05
3.570874151960292363e-03 4.130266279964859009e+10 3.654560000000000000e+05
3.591830053669282409e-03 4.101499843078319550e+10 3.695780000000000000e+05
3.612751942127294565e-03 4.039138261341188812e+10 3.734660000000000000e+05
3.633695287620703016e-03 4.021391019012065125e+10 3.782100000000000000e+05
3.654640656380759439e-03 3.973542306522198486e+10 3.831580000000000000e+05
3.675610751456185200e-03 3.933036932393393707e+10 3.874660000000000000e+05
3.696548704162959734e-03 3.872267653994975281e+10 3.905200000000000000e+05
3.717424036417998380e-03 3.855354937007139587e+10 3.945120000000000000e+05
3.738345997700743325e-03 3.807608042263850403e+10 4.005780000000000000e+05
3.759313376606930775e-03 3.776817868919910431e+10 4.059380000000000000e+05
3.780301687649433723e-03 3.750049231033913422e+10 4.098140000000000000e+05
3.801216422977883244e-03 3.697406266988455200e+10 4.123620000000000000e+05
3.822140407537945143e-03 3.666165080942890167e+10 4.194100000000000000e+05
3.843150642483481386e-03 3.625068323552996826e+10 4.247280000000000000e+05
3.864100309678084478e-03 3.596914292026372528e+10 4.265580000000000000e+05
3.885037448634693670e-03 3.554658905310536957e+10 4.331960000000000000e+05
3.905992546688218190e-03 3.531471392275212097e+10 4.366480000000000000e+05
3.926968889495974571e-03 3.511304286773104095e+10 4.438480000000000000e+05
3.947919912764940274e-03 3.472712503190686035e+10 4.444500000000000000e+05
3.968809095191870237e-03 3.423824436427677155e+10 4.511780000000000000e+05
3.989707591929131034e-03 3.412582575162244415e+10 4.539680000000000000e+05
4.010672832955066748e-03 3.366175657792977142e+10 4.638300000000000000e+05
4.031639383660075987e-03 3.326579263722655869e+10 4.636500000000000000e+05
4.052568136510180212e-03 3.312732048940845490e+10 4.716760000000000000e+05
4.073526038593747178e-03 3.274261892781580734e+10 4.750940000000000000e+05
4.094489398659429888e-03 3.250254764533721161e+10 4.809620000000000000e+05
4.115445453160421208e-03 3.205514075611780548e+10 4.855700000000000000e+05
4.136358162412105167e-03 3.182537290136484909e+10 4.881840000000000000e+05
4.157271722718521023e-03 3.151483865666176605e+10 4.955520000000000000e+05
4.178226448857211110e-03 3.131251835071689987e+10 5.002980000000000000e+05
4.199180132835248283e-03 3.091341430123070526e+10 5.052500000000000000e+05
4.220122271474228276e-03 3.068744817746839142e+10 5.104780000000000000e+05
4.241058615773919509e-03 3.047629316546846771e+10 5.140660000000000000e+05
4.262016527872686950e-03 2.998690148309226227e+10 5.225060000000000000e+05
4.282957108014494481e-03 2.986052698251496124e+10 5.232600000000000000e+05
4.303920606016589483e-03 2.965889752262145615e+10 5.338900000000000000e+05
4.324900711072319527e-03 2.929575413776685333e+10 5.346180000000000000e+05
4.345819868260085254e-03 2.897607709511603165e+10 5.405880000000000000e+05
4.366741355105016945e-03 2.892555543808611298e+10 5.460140000000000000e+05
4.387687576206064123e-03 2.856202743780572891e+10 5.516580000000000000e+05
4.408641252392609886e-03 2.832825707727857590e+10 5.572260000000000000e+05
4.429571596276063450e-03 2.808469119981275940e+10 5.608360000000000000e+05
4.450498500189372340e-03 2.785124564435655212e+10 5.678360000000000000e+05
4.471485341863776740e-03 2.762652848427733231e+10 5.749780000000000000e+05
4.492441410558204416e-03 2.727456813992757034e+10 5.763060000000000000e+05
4.513343365306714088e-03 2.724311412330291748e+10 5.831660000000000000e+05
4.534281153104992475e-03 2.683804170572215271e+10 5.893300000000000000e+05
4.555228142645097698e-03 2.652521663525533676e+10 5.938900000000000000e+05
4.576187639323749112e-03 2.634865800097832489e+10 6.016200000000000000e+05
4.597128030531173748e-03 2.622322252083631516e+10 6.033700000000000000e+05
4.618035650780973750e-03 2.610587214189559555e+10 6.110180000000000000e+05
4.638999328291089179e-03 2.576798993907987213e+10 6.175840000000000000e+05
4.659954510042933241e-03 2.563976811916703415e+10 6.215220000000000000e+05
4.680898882661307069e-03 2.537633723387633896e+10 6.287140000000000000e+05
4.701854800139268313e-03 2.521473590830643082e+10 6.324560000000000000e+05
4.722798299773690520e-03 2.503725920786643219e+10 6.403260000000000000e+05
4.743740579222889032e-03 2.470369287896585464e+10 6.429160000000000000e+05
4.764671430826451608e-03 2.456227146642483521e+10 6.514900000000000000e+05
4.785630000033127933e-03 2.424965354024803162e+10 6.558780000000000000e+05
4.806598069599005846e-03 2.414356757118730164e+10 6.632740000000000000e+05
4.827520819925074091e-03 2.403068846962641525e+10 6.654180000000000000e+05
4.848450178391465470e-03 2.374949206922163010e+10 6.743220000000000000e+05
4.869408503203899105e-03 2.368241563322061539e+10 6.796140000000000000e+05
4.890380914734916880e-03 2.333009657104375458e+10 6.862820000000000000e+05
4.911321585953588344e-03 2.324669711762325668e+10 6.897760000000000000e+05
4.932241071478910867e-03 2.299245893036339569e+10 6.968880000000000000e+05
4.953190501765598365e-03 2.286071621880377197e+10 7.027380000000000000e+05
4.974121761082719168e-03 2.262706060345730972e+10 7.083380000000000000e+05
4.995019003930593546e-03 2.254372059642641449e+10 7.120920000000000000e+05
5.015957276489464711e-03 2.236719028169588852e+10 7.230740000000000000e+05
5.036924478070266449e-03 2.214871826249290085e+10 7.260280000000000000e+05
5.057877000379992598e-03 2.201255564837268066e+10 7.339940000000000000e+05
5.078837573861229478e-03 2.178401306827398300e+10 7.393740000000000000e+05
5.099803304237073877e-03 2.169238395553164291e+10 7.460900000000000000e+05
5.120772839316486101e-03 2.145428825670560455e+10 7.520180000000000000e+05
5.141715166207226628e-03 2.131198280622724915e+10 7.564860000000000000e+05
5.162623510308616409e-03 2.112627403698046875e+10 7.616660000000000000e+05
5.183578866044248785e-03 2.102017028442638397e+10 7.728580000000000000e+05
5.204526277597153715e-03 2.086483336735583878e+10 7.728260000000000000e+05
5.225432892487220753e-03 2.065854315785741806e+10 7.826460000000000000e+05
5.246381252225634090e-03 2.048237486621854401e+10 7.885780000000000000e+05
5.267351408156492956e-03 2.039032480492663956e+10 7.964900000000000000e+05
5.288292804304761674e-03 2.020466393561800385e+10 7.996520000000000000e+05
5.309203013744335717e-03 2.008622948830138016e+10 8.060180000000000000e+05
5.330163024375439776e-03 1.997724230976426697e+10 8.170740000000000000e+05
5.351148492684165182e-03 1.974808008827928543e+10 8.200040000000000000e+05
5.372069804439618367e-03 1.961569903321334839e+10 8.256460000000000000e+05
5.392998247667225679e-03 1.951143152732761002e+10 8.331220000000000000e+05
5.413951736963958788e-03 1.935632691847863770e+10 8.400500000000000000e+05
5.434890416730552357e-03 1.920113750042148972e+10 8.458920000000000000e+05
5.455836937598190425e-03 1.904650691308683395e+10 8.528680000000000000e+05
5.476773563924624763e-03 1.894332446697335815e+10 8.591060000000000000e+05
5.497703248326882113e-03 1.875518482107160568e+10 8.643500000000000000e+05
5.518652061045208577e-03 1.867034289059705353e+10 8.746660000000000000e+05
5.539607922118034052e-03 1.852604643697046661e+10 8.779860000000000000e+05
5.560574844575168034e-03 1.840377711296289062e+10 8.886260000000000000e+05
5.581519275973697083e-03 1.827519516669736099e+10 8.899740000000000000e+05
5.602425265285189936e-03 1.814137049077650452e+10 8.980880000000000000e+05
5.623383351546370167e-03 1.796822698428302765e+10 9.085540000000000000e+05
5.644373191424221364e-03 1.787474741674101639e+10 9.140540000000000000e+05
5.665288316907858557e-03 1.779415432890723801e+10 9.152280000000000000e+05
5.686221591163983201e-03 1.759769158293622971e+10 9.298260000000000000e+05
5.707184821479444926e-03 1.754146222275548553e+10 9.311460000000000000e+05
5.728134188723717386e-03 1.738974778049124527e+10 9.426360000000000000e+05
5.749088571545068506e-03 1.728970220030053329e+10 9.451140000000000000e+05
5.770005745514510294e-03 1.715422141970477486e+10 9.527320000000000000e+05
5.790959226569722222e-03 1.699405968565804672e+10 9.631820000000000000e+05
5.811894835529232348e-03 1.688015211830240631e+10 9.639540000000000000e+05
5.832824970741895196e-03 1.677863698459355164e+10 9.774260000000000000e+05
5.853784985935771290e-03 1.665899529892895126e+10 9.803900000000000000e+05
5.874720961160064675e-03 1.653229265728401184e+10 9.888660000000000000e+05
5.895662134299190990e-03 1.645139417461190224e+10 9.958500000000000000e+05
5.916600629045295177e-03 1.628166685057009125e+10 1.001722000000000000e+06
5.937555451052196204e-03 1.620090706441259575e+10 1.012572000000000000e+06
5.958502282595038585e-03 1.613272413138499069e+10 1.014340000000000000e+06
5.979450310435244220e-03 1.602953707536132812e+10 1.027810000000000000e+06
6.000386289893909139e-03 1.590324975824217606e+10 1.027342000000000000e+06
6.021316521619196269e-03 1.580091733350255585e+10 1.040824000000000000e+06
6.042248222996981187e-03 1.569530072537792206e+10 1.043012000000000000e+06
6.063191808203589016e-03 1.554747625866782761e+10 1.055506000000000000e+06
6.084156014741207673e-03 1.546900827264095306e+10 1.060694000000000000e+06
6.105098031896988298e-03 1.534554559578196144e+10 1.067122000000000000e+06
6.126045096320165487e-03 1.525263941156341553e+10 1.075762000000000000e+06
6.147012740620710035e-03 1.517256493311660385e+10 1.084606000000000000e+06
6.167959436111305691e-03 1.505991423496639824e+10 1.088162000000000000e+06
6.188894491932587019e-03 1.494098259737974739e+10 1.097898000000000000e+06
6.209841327112627582e-03 1.482643957080201721e+10 1.104138000000000000e+06
6.230780779989405528e-03 1.474158985432154274e+10 1.112582000000000000e+06
6.251728852262752358e-03 1.464538457277306747e+10 1.120042000000000000e+06
6.272672237590436878e-03 1.457794691958648682e+10 1.126258000000000000e+06
6.293606531353737252e-03 1.445946824705884361e+10 1.134620000000000000e+06
6.314525842076099474e-03 1.439141066938523483e+10 1.139818000000000000e+06
6.335480427082902134e-03 1.427535827461720276e+10 1.153700000000000000e+06
6.356446024588109298e-03 1.421124195905759621e+10 1.155926000000000000e+06
6.377367140193187893e-03 1.408324870363953590e+10 1.163874000000000000e+06
6.398313565908670709e-03 1.402127831805211639e+10 1.174882000000000000e+06
6.419260121280221526e-03 1.389256498630693436e+10 1.178282000000000000e+06
6.440218587345369547e-03 1.381777276707616234e+10 1.192332000000000000e+06
6.461158775814396064e-03 1.372507425976061249e+10 1.191242000000000000e+06
6.482075493038591193e-03 1.362477927596823502e+10 1.205140000000000000e+06
6.503021599461181537e-03 1.353866253612900925e+10 1.210806000000000000e+06
6.523983342755540656e-03 1.346472372564040565e+10 1.221506000000000000e+06
6.544934890755176732e-03 1.338024538973178864e+10 1.226362000000000000e+06
6.565871171090307754e-03 1.330077331195076752e+10 1.234482000000000000e+06
6.586833468300840218e-03 1.321086220515465927e+10 1.245910000000000000e+06
6.607797806640947937e-03 1.311674664026882362e+10 1.250240000000000000e+06
6.628727319026261194e-03 1.303099858144761658e+10 1.257554000000000000e+06
6.649661195173045547e-03 1.294903167453500366e+10 1.267192000000000000e+06
6.670604474610463894e-03 1.284278502145086479e+10 1.273586000000000000e+06
6.691533941440819776e-03 1.279460449994183731e+10 1.282714000000000000e+06
6.712465110591878462e-03 1.268609950616975212e+10 1.289062000000000000e+06
6.733402927879838379e-03 1.262730577860951042e+10 1.299768000000000000e+06
6.754377693055123484e-03 1.255023538865408325e+10 1.309778000000000000e+06
6.775342499181890438e-03 1.246651744408988190e+10 1.314924000000000000e+06
6.796254657177060871e-03 1.237899323782800865e+10 1.319702000000000000e+06
6.817187776562244790e-03 1.231838020644732285e+10 1.333208000000000000e+06
6.838151923094192876e-03 1.220862443327486420e+10 1.340212000000000000e+06
6.859103286713035333e-03 1.215047275769576263e+10 1.348454000000000000e+06
6.880052783898826275e-03 1.210052808627443123e+10 1.356042000000000000e+06
6.901007347581009782e-03 1.198612045737497711e+10 1.365818000000000000e+06
6.921969877109315772e-03 1.194245993432281113e+10 1.373154000000000000e+06
6.942887545347252616e-03 1.183913981838376617e+10 1.377196000000000000e+06
6.963785823996730337e-03 1.177832569274808121e+10 1.387268000000000000e+06
6.984754600336452561e-03 1.171027012413135338e+10 1.402330000000000000e+06
7.005695100548091706e-03 1.163387229412641144e+10 1.401214000000000000e+06
7.026622940060659253e-03 1.155541967855463409e+10 1.416810000000000000e+06
7.047573703016726983e-03 1.150860691813266182e+10 1.422122000000000000e+06
7.068510180821678882e-03 1.141056535928193283e+10 1.430634000000000000e+06
7.089459553652813044e-03 1.135189563062121582e+10 1.441006000000000000e+06
7.110410504685391736e-03 1.127286965264593124e+10 1.448832000000000000e+06
7.131375137393774002e-03 1.120946566189641571e+10 1.458732000000000000e+06
7.152328933453326251e-03 1.115389390876821709e+10 1.465678000000000000e+06
7.173251613590963041e-03 1.107318802375227737e+10 1.470370000000000000e+06
7.194203212912279530e-03 1.103668239527083778e+10 1.487866000000000000e+06
7.215157841321821926e-03 1.093213522103539467e+10 1.487870000000000000e+06
7.236108141261602018e-03 1.086053125728670692e+10 1.503962000000000000e+06
7.257048666689974378e-03 1.082942521460328674e+10 1.504850000000000000e+06
7.277960787602941184e-03 1.075384220467729759e+10 1.516066000000000000e+06
7.298904195271708681e-03 1.069009911943495560e+10 1.528222000000000000e+06
7.319871598940557236e-03 1.060626936743754768e+10 1.536026000000000000e+06
7.340813612849602515e-03 1.054289555580417633e+10 1.542330000000000000e+06
7.361742379966780374e-03 1.051177915097041130e+10 1.551846000000000000e+06
7.382683337923755078e-03 1.043079578221599007e+10 1.561504000000000000e+06
7.403644198201568029e-03 1.038059221192134666e+10 1.573074000000000000e+06
7.424582991544486157e-03 1.029333184289035416e+10 1.575546000000000000e+06
7.445529605290209657e-03 1.023075855134683609e+10 1.592096000000000000e+06
7.466481542023457874e-03 1.016182069388859749e+10 1.594450000000000000e+06
7.487417858727503719e-03 1.011175005016275406e+10 1.607282000000000000e+06
7.508358534842077443e-03 1.007017548559427452e+10 1.613718000000000000e+06
7.529281078305200513e-03 9.993795947840999603e+09 1.621618000000000000e+06
7.550232514422407053e-03 9.944995745504222870e+09 1.636714000000000000e+06
7.571170630036476445e-03 9.877414182778450012e+09 1.638078000000000000e+06
7.592116318725157693e-03 9.810036069778245926e+09 1.655090000000000000e+06
7.613077203628958525e-03 9.766413647078123093e+09 1.659706000000000000e+06
7.634011257516152942e-03 9.713156481715103149e+09 1.668002000000000000e+06
7.654973111713371005e-03 9.640663740497653961e+09 1.683910000000000000e+06
7.675911437617626704e-03 9.582175226856266022e+09 1.681432000000000000e+06
7.696841098506215610e-03 9.541288060576705933e+09 1.701434000000000000e+06
7.717798893418999912e-03 9.478170515005508423e+09 1.704454000000000000e+06
7.738762486991400055e-03 9.434192976345237732e+09 1.720330000000000000e+06
7.759712252735236591e-03 9.350885151207323074e+09 1.722076000000000000e+06
7.780626973772562273e-03 9.324121780804191589e+09 1.731610000000000000e+06
7.801564151514805458e-03 9.263573671291585922e+09 1.745606000000000000e+06
7.822528896693948727e-03 9.193072116546054840e+09 1.754440000000000000e+06
7.843486861125832307e-03 9.164908400265930176e+09 1.763148000000000000e+06
7.864428165107073543e-03 9.110674619255252838e+09 1.771182000000000000e+06
7.885344063475309070e-03 9.057737303027145386e+09 1.776490000000000000e+06
7.906293793786002208e-03 9.003959999833604813e+09 1.797170000000000000e+06
7.927252264594475753e-03 8.959973711047607422e+09 1.796022000000000000e+06
7.948181191653037533e-03 8.900128302871088028e+09 1.811602000000000000e+06
7.969123416133441773e-03 8.842874068096191406e+09 1.817522000000000000e+06
7.990049045727176322e-03 8.794221892854253769e+09 1.826640000000000000e+06
8.010985758534407142e-03 8.737413960222011566e+09 1.840112000000000000e+06
8.031951089543826194e-03 8.691428808181186676e+09 1.850280000000000000e+06
8.052912656648330073e-03 8.656388940355255127e+09 1.858716000000000000e+06
8.073879462498162116e-03 8.604465428549942017e+09 1.870668000000000000e+06
8.094817154052342742e-03 8.539086460660128593e+09 1.872580000000000000e+06
8.115739037859221253e-03 8.522482696564785957e+09 1.888154000000000000e+06
8.136680281278783552e-03 8.460905818748406410e+09 1.894416000000000000e+06
8.157642102452917349e-03 8.399862432521429062e+09 1.911736000000000000e+06
8.178579019049374982e-03 8.360351474010571480e+09 1.910298000000000000e+06
8.199510340422665883e-03 8.313432813030298233e+09 1.929098000000000000e+06
8.220466981858976993e-03 8.267932914242756844e+09 1.935862000000000000e+06
8.241409546366222985e-03 8.227265266749195099e+09 1.944570000000000000e+06
8.262329895134375157e-03 8.161824570395687103e+09 1.953184000000000000e+06
8.283274531472860705e-03 8.135917478057696342e+09 1.968266000000000000e+06
8.304243732694425312e-03 8.074143714446790695e+09 1.977462000000000000e+06
8.325172084878356554e-03 8.032214480390063286e+09 1.980932000000000000e+06
8.346110977185398905e-03 7.989831607589716911e+09 1.998474000000000000e+06
8.367063873327407891e-03 7.945896494553637505e+09 2.005446000000000000e+06
8.388004618475481886e-03 7.900835699317908287e+09 2.014266000000000000e+06
8.408965504008502484e-03 7.851222877352039337e+09 2.030650000000000000e+06
8.429908993488458013e-03 7.808622372168197632e+09 2.030774000000000000e+06
8.450841337145178697e-03 7.762148638469576836e+09 2.048722000000000000e+06
8.471798743828248129e-03 7.709341765758492470e+09 2.056106000000000000e+06
8.492749771888364815e-03 7.689764363259246826e+09 2.067218000000000000e+06
8.513671635141271607e-03 7.641716462392223358e+09 2.071678000000000000e+06
8.534592157513546176e-03 7.601461887115949631e+09 2.086386000000000000e+06
8.555562581404392575e-03 7.572717902139192581e+09 2.102840000000000000e+06
8.576520646810222373e-03 7.526797783838575363e+09 2.104270000000000000e+06
8.597448065562549036e-03 7.485325096923126221e+09 2.116892000000000000e+06
8.618403235739703974e-03 7.427893459514786720e+09 2.131000000000000000e+06
8.639352720922553741e-03 7.388665887108372688e+09 2.135924000000000000e+06
8.660285069356361137e-03 7.355586765500107765e+09 2.148804000000000000e+06
8.681205223995314482e-03 7.310607670968470573e+09 2.154268000000000000e+06
8.702158425108942608e-03 7.278365048521701813e+09 2.175194000000000000e+06
8.723117173314601236e-03 7.241353121845665932e+09 2.177926000000000000e+06
8.744034676417435439e-03 7.183794859570434570e+09 2.186538000000000000e+06
8.764979598380113687e-03 7.167767359833905220e+09 2.205194000000000000e+06
8.785932290615883558e-03 7.120238922833922386e+09 2.208550000000000000e+06
8.806871497174174196e-03 7.087125767538372040e+09 2.223482000000000000e+06
8.827818353898213982e-03 7.042937937654871941e+09 2.232786000000000000e+06
8.848780708483971677e-03 6.998671143706143379e+09 2.245720000000000000e+06
8.869734148017290043e-03 6.962819700895911217e+09 2.253774000000000000e+06
8.890665565399122339e-03 6.922754069817388535e+09 2.261258000000000000e+06
8.911620780301367228e-03 6.891910112712244034e+09 2.281412000000000000e+06
8.932585956974154265e-03 6.857063191582563400e+09 2.284316000000000000e+06
8.953533078438893900e-03 6.817419704798630714e+09 2.297788000000000000e+06
8.974470445141555577e-03 6.791067248967379570e+09 2.305698000000000000e+06
8.995400632408384958e-03 6.740354678611958504e+09 2.316138000000000000e+06
9.016319280554532800e-03 6.706770980893552780e+09 2.325814000000000000e+06
9.037253920177783229e-03 6.669865120506655693e+09 2.340042000000000000e+06
9.058201535340669464e-03 6.635290759443676949e+09 2.351186000000000000e+06
9.079154238139635485e-03 6.600693413198278427e+09 2.363414000000000000e+06
9.100131819131006966e-03 6.570400896994214058e+09 2.377410000000000000e+06
9.121064865455797213e-03 6.528229479892049789e+09 2.376306000000000000e+06
9.141981233745502533e-03 6.501943951114796638e+09 2.394608000000000000e+06
9.162941393257252251e-03 6.468725307658897400e+09 2.408926000000000000e+06
9.183881219560940251e-03 6.443768418806936264e+09 2.411756000000000000e+06
9.204824342633543405e-03 6.389300957648241043e+09 2.431120000000000000e+06
9.225777682404880109e-03 6.366915961860624313e+09 2.437312000000000000e+06
9.246722633724927323e-03 6.332934251032315254e+09 2.450328000000000000e+06
9.267663983415212747e-03 6.299847325704301834e+09 2.459196000000000000e+06
9.288593044584242051e-03 6.260294118918525696e+09 2.469910000000000000e+06
9.309529692482654967e-03 6.236457090588216782e+09 2.481922000000000000e+06
9.330483363834749314e-03 6.206321424387104988e+09 2.498194000000000000e+06
9.351439740104288204e-03 6.173525331276568413e+09 2.503298000000000000e+06
9.372388599119116023e-03 6.141610040167845726e+09 2.520374000000000000e+06
9.393301968195480120e-03 6.121814398767992973e+09 2.516170000000000000e+06
9.414235834829864924e-03 6.069433946915117264e+09 2.547408000000000000e+06
9.435212106359593121e-03 6.038857666733153343e+09 2.550832000000000000e+06
9.456163628275575730e-03 6.022491341524134636e+09 2.562104000000000000e+06
9.477103894004685128e-03 5.992594476900941849e+09 2.572700000000000000e+06
9.498052928690409180e-03 5.949265831591111183e+09 2.584858000000000000e+06
9.518996337879167408e-03 5.926729356758657455e+09 2.595756000000000000e+06
9.539931079276701281e-03 5.900063796913067818e+09 2.605620000000000000e+06
9.560880919817041010e-03 5.872374317961143494e+09 2.620648000000000000e+06
9.581832173066004432e-03 5.835705829633201599e+09 2.630984000000000000e+06
9.602776172309554145e-03 5.813540075340322495e+09 2.640290000000000000e+06
9.623715027609339862e-03 5.782938232261598587e+09 2.654362000000000000e+06
9.644649894599970422e-03 5.758318781946945190e+09 2.660726000000000000e+06
9.665582071407231510e-03 5.728801492459759712e+09 2.677114000000000000e+06
9.686517449193469270e-03 5.706223777850610733e+09 2.685762000000000000e+06
9.707473117854586650e-03 5.668886766282817841e+09 2.704274000000000000e+06
9.728424492467507151e-03 5.642624475193657875e+09 2.709196000000000000e+06
9.749369801231063185e-03 5.614213434524862289e+09 2.724820000000000000e+06
9.770324780499195158e-03 5.591127023876487732e+09 2.736208000000000000e+06
9.791264363435981874e-03 5.555429845589560509e+09 2.743768000000000000e+06
9.812205066557784516e-03 5.535506091909442902e+09 2.759730000000000000e+06
9.833160931073609348e-03 5.512006505068124771e+09 2.771952000000000000e+06
9.854097235485376888e-03 5.485992751409003258e+09 2.777268000000000000e+06
9.875037999319194806e-03 5.460727176222582817e+09 2.797782000000000000e+06
9.895989367209959489e-03 5.415801040931979179e+09 2.803642000000000000e+06
9.916927245804646462e-03 5.408154988515247345e+09 2.816794000000000000e+06
9.937869380779206993e-03 5.380922592481329918e+09 2.830062000000000000e+06
9.958826481688226248e-03 5.355922706053510666e+09 2.843378000000000000e+06
9.979774868813932540e-03 5.330664857991022110e+09 2.853154000000000000e+06
1.000069821143680093e-02 5.301754474625367165e+09 2.859412000000000000e+06
1.002162272426048405e-02 5.281728216913086891e+09 2.876980000000000000e+06
1.004256722830361090e-02 5.245851283173666000e+09 2.890392000000000000e+06
1.006351224970695318e-02 5.232510417608952522e+09 2.899476000000000000e+06
1.008446063218807962e-02 5.208657196846183777e+09 2.917726000000000000e+06
1.010541581371072160e-02 5.180091771497760773e+09 2.922866000000000000e+06
1.012636580884461457e-02 5.156890030886390686e+09 2.942762000000000000e+06
1.014732102857123473e-02 5.138592005031237602e+09 2.948244000000000000e+06
1.016825766198237169e-02 5.115454489999529839e+09 2.960844000000000000e+06
1.018918905674288770e-02 5.098254476125219345e+09 2.972272000000000000e+06
1.021013947687613235e-02 5.071196915467019081e+09 2.989284000000000000e+06
1.023108361089690790e-02 5.045137425920852661e+09 2.997166000000000000e+06
1.025204062939684586e-02 5.024770129318212509e+09 3.015898000000000000e+06
1.027298221161072195e-02 5.005501841492236137e+09 3.017474000000000000e+06
1.029391941887124878e-02 4.979387677921241760e+09 3.040014000000000000e+06
1.031486555176150399e-02 4.960440470621541023e+09 3.043856000000000000e+06
1.033581475106024050e-02 4.929824658473069191e+09 3.066500000000000000e+06
1.035676447297369587e-02 4.916455767167195320e+09 3.068136000000000000e+06
1.037770158394408018e-02 4.897682545923672676e+09 3.088024000000000000e+06
1.039863640906126679e-02 4.875448550311817169e+09 3.092690000000000000e+06
1.041958100057027194e-02 4.849220567089163780e+09 3.115154000000000000e+06
1.044053342563799371e-02 4.832596983051740646e+09 3.120446000000000000e+06
1.046146653361525874e-02 4.813458760547796249e+09 3.134098000000000000e+06
1.048241525249252702e-02 4.797175460813927650e+09 3.150914000000000000e+06
1.050334874905482253e-02 4.773438245588543892e+09 3.154270000000000000e+06
1.052428159857683905e-02 4.750212257264584541e+09 3.175378000000000000e+06
1.054523485558974544e-02 4.735378731259295464e+09 3.186922000000000000e+06
1.056617700374397686e-02 4.715334171344888687e+09 3.195530000000000000e+06
1.058712983125213031e-02 4.701328352784404755e+09 3.217292000000000000e+06
1.060807579670321535e-02 4.680879181380950928e+09 3.218148000000000000e+06
1.062901467447870466e-02 4.668130543853809357e+09 3.240616000000000000e+06
1.064997100637046258e-02 4.645316487286913872e+09 3.249184000000000000e+06
1.067092231155890997e-02 4.631901583372393608e+09 3.263600000000000000e+06
1.069184232595445962e-02 4.598993357510768890e+09 3.267524000000000000e+06
1.071278652053386446e-02 4.591889313893876076e+09 3.293642000000000000e+06
