0.000000000000000000e+00 0.000000000000000000e+00 1.000000000000000000e+00
2.966547016023049222e-05 2.005162654500261719e+13 2.600000000000000000e+01
5.419127478489826899e-05 1.093327271843440430e+13 9.600000000000000000e+01
7.352296279350412078e-05 7.732458205919878906e+12 1.280000000000000000e+02
9.389855742568236892e-05 5.489957472789684570e+12 2.580000000000000000e+02
1.158725991235069817e-04 4.030741412903249023e+12 4.160000000000000000e+02
1.366478460172924035e-04 3.066154191801331055e+12 4.880000000000000000e+02
1.565363249687504838e-04 2.634803869325614746e+12 6.900000000000000000e+02
1.778955720510566607e-04 2.167248299420922119e+12 9.440000000000000000e+02
1.990977003143960138e-04 1.848394295107530029e+12 1.116000000000000000e+03
2.195136083065773482e-04 1.686523162882732422e+12 1.350000000000000000e+03
2.401897563775092642e-04 1.456428500635312500e+12 1.640000000000000000e+03
2.614777619907888030e-04 1.322358463120986328e+12 2.012000000000000000e+03
2.828791348991739033e-04 1.224400319464248047e+12 2.342000000000000000e+03
3.035493481013598746e-04 1.082669316344717041e+12 2.520000000000000000e+03
3.241235762803953654e-04 1.003917278693240356e+12 3.044000000000000000e+03
3.452349808782958856e-04 9.573079389867976074e+11 3.402000000000000000e+03
3.663220373959401657e-04 8.363056062190174561e+11 3.908000000000000000e+03
3.870323335420426084e-04 7.945456043525120850e+11 4.164000000000000000e+03
4.079442765424508136e-04 7.735422760524733887e+11 4.850000000000000000e+03
4.290508288495219961e-04 7.201023140827391357e+11 5.278000000000000000e+03
4.499199264962810215e-04 6.673852114782824707e+11 5.738000000000000000e+03
4.706853420837009763e-04 6.563715986499543457e+11 6.328000000000000000e+03
4.917663743978291802e-04 6.119345214419113770e+11 7.038000000000000000e+03
5.127686723343992349e-04 5.959189592391605225e+11 7.412000000000000000e+03
5.337335542319532940e-04 5.706557685188906250e+11 8.330000000000000000e+03
5.549800201446776493e-04 5.398718546582071533e+11 8.874000000000000000e+03
5.759912130300024738e-04 5.172767036200300903e+11 9.566000000000000000e+03
5.967421699262660242e-04 5.043042704160818481e+11 9.906000000000000000e+03
6.175678115601301518e-04 4.997470266013212891e+11 1.109600000000000000e+04
6.383415719683501301e-04 4.724029385519988403e+11 1.137600000000000000e+04
6.593344981926793028e-04 4.655063448515430298e+11 1.272200000000000000e+04
6.803914028984011904e-04 4.495820223071940918e+11 1.320200000000000000e+04
7.014542198821641355e-04 4.341102047056951904e+11 1.425000000000000000e+04
7.224268553394682778e-04 4.233242681433911133e+11 1.487800000000000000e+04
7.433377686538733542e-04 4.204149006672801514e+11 1.585600000000000000e+04
7.643057570345914353e-04 3.986889583362586060e+11 1.670800000000000000e+04
7.850935419370501942e-04 3.981779008311989136e+11 1.747000000000000000e+04
8.060212137376749925e-04 3.827296962301682739e+11 1.871400000000000000e+04
8.270109035013945616e-04 3.700227643674332886e+11 1.961800000000000000e+04
8.478809236624057499e-04 3.612208819819686890e+11 2.043000000000000000e+04
8.688274482596475756e-04 3.586973417697802734e+11 2.175400000000000000e+04
8.898088481166329831e-04 3.525854294179609985e+11 2.265800000000000000e+04
9.108524687755773560e-04 3.437167179799915161e+11 2.397800000000000000e+04
9.318601638592801609e-04 3.371169504597774048e+11 2.485400000000000000e+04
9.528007574779614975e-04 3.264882084273386841e+11 2.602400000000000000e+04
9.736277382378045672e-04 3.164717132303218994e+11 2.680400000000000000e+04
9.944946999702632389e-04 3.145531335432079468e+11 2.852400000000000000e+04
1.015482989633682571e-03 3.108110934506219482e+11 2.942800000000000000e+04
1.036461902710500557e-03 2.975852436930192871e+11 3.101800000000000000e+04
1.057439497869204059e-03 2.968561522149963989e+11 3.183400000000000000e+04
1.078443002355871467e-03 2.914493780994841919e+11 3.375000000000000000e+04
1.099452363638649902e-03 2.847106216927013550e+11 3.444800000000000000e+04
1.120486208476862908e-03 2.822629310419769897e+11 3.637200000000000000e+04
1.141303192916390957e-03 2.760127620850466309e+11 3.654000000000000000e+04
1.162186681874016400e-03 2.724477943718455505e+11 3.914000000000000000e+04
1.183149620925968070e-03 2.644682415368547363e+11 3.983400000000000000e+04
1.203997363442231659e-03 2.618646109834523010e+11 4.135400000000000000e+04
1.224944994418043515e-03 2.542927928394110413e+11 4.321400000000000000e+04
1.245889918711711548e-03 2.511087540242337341e+11 4.425600000000000000e+04
1.266922621965076200e-03 2.460204791761800232e+11 4.647600000000000000e+04
1.287887052574165437e-03 2.421577213332298889e+11 4.724600000000000000e+04
1.308810967468131744e-03 2.404271566319436035e+11 4.912200000000000000e+04
1.329835386524824215e-03 2.320330805234669800e+11 5.109800000000000000e+04
1.350750192873838166e-03 2.282179506310490112e+11 5.163600000000000000e+04
1.371711424745301715e-03 2.259652547172499390e+11 5.462800000000000000e+04
1.392624036365390158e-03 2.221357144040032959e+11 5.472000000000000000e+04
1.413485876467941759e-03 2.211099149560052490e+11 5.752400000000000000e+04
1.434504920091316795e-03 2.160112906584189148e+11 5.916600000000000000e+04
1.455479173956697328e-03 2.122063486385304871e+11 6.061000000000000000e+04
1.476360066582646643e-03 2.087369644922720337e+11 6.220800000000000000e+04
1.497238293198690064e-03 2.057714812748164978e+11 6.403800000000000000e+04
1.518151436351234361e-03 2.006761362292116394e+11 6.588400000000000000e+04
1.539225064965316948e-03 1.986092475268554077e+11 6.897000000000000000e+04
1.560248804580790637e-03 1.962272450707004395e+11 6.916200000000000000e+04
1.581182494113146002e-03 1.920003843212785645e+11 7.207800000000000000e+04
1.602151900066207339e-03 1.910225194388563538e+11 7.331200000000000000e+04
1.623050404003984794e-03 1.855000388853216553e+11 7.529200000000000000e+04
1.643913830382842884e-03 1.819591981474908142e+11 7.717200000000000000e+04
1.664841698923051399e-03 1.804409407192862549e+11 7.932400000000000000e+04
1.685763907790326479e-03 1.796926192256913757e+11 8.137800000000000000e+04
1.706688757368782965e-03 1.755880110224294434e+11 8.339000000000000000e+04
1.727724992430916670e-03 1.728435294802357178e+11 8.624000000000000000e+04
1.748707814916582084e-03 1.716219882181087036e+11 8.733200000000000000e+04
1.769605465165582101e-03 1.676432026402675171e+11 8.936000000000000000e+04
1.790549613119530193e-03 1.647678436632048035e+11 9.240800000000000000e+04
1.811543500644504680e-03 1.624418172255416565e+11 9.379400000000000000e+04
1.832485551308853837e-03 1.613379898236114502e+11 9.642600000000000000e+04
1.853319488606598731e-03 1.588281333341088562e+11 9.719800000000000000e+04
1.874292282546716334e-03 1.559242509720479431e+11 1.019700000000000000e+05
1.895341291622483146e-03 1.524687368909681091e+11 1.027860000000000000e+05
1.916270427068929782e-03 1.531257110069559631e+11 1.049680000000000000e+05
1.937202914037521083e-03 1.495760711672008362e+11 1.077600000000000000e+05
1.958149652614909336e-03 1.478054830477572327e+11 1.096340000000000000e+05
1.979058784035020620e-03 1.453390510314439697e+11 1.119540000000000000e+05
1.999993474540890347e-03 1.434956076150527954e+11 1.148600000000000000e+05
2.020922110787634791e-03 1.409031426935494690e+11 1.164680000000000000e+05
2.041850748222624919e-03 1.401880518931999512e+11 1.198100000000000000e+05
2.062892259723775670e-03 1.368632964032707367e+11 1.226000000000000000e+05
2.083837585308887137e-03 1.360883286023774872e+11 1.238080000000000000e+05
2.104695197375418270e-03 1.341729311697353516e+11 1.265460000000000000e+05
2.125687115869021645e-03 1.321087556529985809e+11 1.301860000000000000e+05
2.146635125921985115e-03 1.293558829782744293e+11 1.314520000000000000e+05
2.167576534851236702e-03 1.283766911372330017e+11 1.350760000000000000e+05
2.188537900573890582e-03 1.260739005316041107e+11 1.369860000000000000e+05
2.209470176440963673e-03 1.247647599626499023e+11 1.399720000000000000e+05
2.230421037305644043e-03 1.227398995347931061e+11 1.422760000000000000e+05
2.251386027648449254e-03 1.221687271836278992e+11 1.460180000000000000e+05
2.272319819886492107e-03 1.197228006599983978e+11 1.468260000000000000e+05
2.293227522635792395e-03 1.186759827334395294e+11 1.512680000000000000e+05
2.314122960978284415e-03 1.166251028017773285e+11 1.520520000000000000e+05
2.335065946034262530e-03 1.162506845297543182e+11 1.574900000000000000e+05
2.356048445895948112e-03 1.140767448974879913e+11 1.585880000000000000e+05
2.377009828332220329e-03 1.124113421669964752e+11 1.622040000000000000e+05
2.397976401052556630e-03 1.110415817836401520e+11 1.649380000000000000e+05
2.418954157325603569e-03 1.099770233446906281e+11 1.679380000000000000e+05
2.439905991183916652e-03 1.085361886056832581e+11 1.704060000000000000e+05
2.460851374860760499e-03 1.070003263440316772e+11 1.736020000000000000e+05
2.481781295393546607e-03 1.062131312987985535e+11 1.760100000000000000e+05
2.502650413933086952e-03 1.040573948721624756e+11 1.788440000000000000e+05
2.523591626582233523e-03 1.030518432986143036e+11 1.827160000000000000e+05
2.544558463805404389e-03 1.016707294296944275e+11 1.857620000000000000e+05
2.565532067070480388e-03 1.004387632805765991e+11 1.886940000000000000e+05
2.586503041233372598e-03 9.937170219581845093e+10 1.920580000000000000e+05
2.607450880409729367e-03 9.749016641070800781e+10 1.945460000000000000e+05
2.628464482732199327e-03 9.673278788728346252e+10 1.993060000000000000e+05
2.649320156313930263e-03 9.515196799611540222e+10 1.981720000000000000e+05
2.670164066336059953e-03 9.452569667023451233e+10 2.050680000000000000e+05
2.691132520107587366e-03 9.338479948437561035e+10 2.071700000000000000e+05
2.712101461832686425e-03 9.222586906254153442e+10 2.115720000000000000e+05
2.733066501623578320e-03 9.035792777069137573e+10 2.134840000000000000e+05
2.753990483622856169e-03 8.973335629563078308e+10 2.174580000000000000e+05
2.774979431304217935e-03 8.921445491057759094e+10 2.212500000000000000e+05
2.795995700070591679e-03 8.746134394787242126e+10 2.249240000000000000e+05
2.816904271298328270e-03 8.652650240299266052e+10 2.257300000000000000e+05
2.837790049867310559e-03 8.517382601907519531e+10 2.306920000000000000e+05
2.858753194608672828e-03 8.439938480245333862e+10 2.348280000000000000e+05
2.879705102950846397e-03 8.385472032771231079e+10 2.368760000000000000e+05
2.900616066266185639e-03 8.303731442896760559e+10 2.411780000000000000e+05
2.921550576131295204e-03 8.150908110161582947e+10 2.439500000000000000e+05
2.942504689292785910e-03 8.065192171624520874e+10 2.488020000000000000e+05
2.963447957150189965e-03 8.000266000041276550e+10 2.511200000000000000e+05
2.984364966659551650e-03 7.931587969775799561e+10 2.546280000000000000e+05
3.005322098225685339e-03 7.830321275551600647e+10 2.598680000000000000e+05
3.026287417299484365e-03 7.756431476280075073e+10 2.614840000000000000e+05
3.047254626029334383e-03 7.667495734702778625e+10 2.676900000000000000e+05
3.068223221635749381e-03 7.546466004547830200e+10 2.686860000000000000e+05
3.089160096736553313e-03 7.471854300763742065e+10 2.740100000000000000e+05
3.110118452408271693e-03 7.427540823128341675e+10 2.770260000000000000e+05
3.131101157249004466e-03 7.350153432374043274e+10 2.818260000000000000e+05
3.152012107737241914e-03 7.246473254293447876e+10 2.829960000000000000e+05
3.172901328297306114e-03 7.160034449959263611e+10 2.883560000000000000e+05
3.193813538822268261e-03 7.070997344244721985e+10 2.913460000000000000e+05
3.214800502530194403e-03 7.017970818469769287e+10 2.982600000000000000e+05
3.235793302476244835e-03 6.930985987209509277e+10 2.990520000000000000e+05
3.256696732262139276e-03 6.854554503288958740e+10 3.037380000000000000e+05
3.277615792439744248e-03 6.787907350165267944e+10 3.069620000000000000e+05
3.298528834693501607e-03 6.748240681585543060e+10 3.116520000000000000e+05
3.319504985833824327e-03 6.639791106102196503e+10 3.167800000000000000e+05
3.340473107414497489e-03 6.552702274622718048e+10 3.191460000000000000e+05
3.361372050816498203e-03 6.529844112167666626e+10 3.229880000000000000e+05
3.382344779781507396e-03 6.441585126835556030e+10 3.290040000000000000e+05
3.403324916305406657e-03 6.368323565017476654e+10 3.320080000000000000e+05
3.424255332119448009e-03 6.312534512173345947e+10 3.352720000000000000e+05
3.445207728865935532e-03 6.226170422924378204e+10 3.407300000000000000e+05
3.466168487889234595e-03 6.183745739655667877e+10 3.443120000000000000e+05
3.487106416179204613e-03 6.115322023129990387e+10 3.477240000000000000e+05
3.508026612012424706e-03 6.085099602583861542e+10 3.527900000000000000e+05
3.528938131544482899e-03 6.015979333377892303e+10 3.551460000000000000e+05
3.549886480972501337e-03 5.938778207741987610e+10 3.626560000000000000e+05
3.570874151960292363e-03 5.903722947292215729e+10 3.654560000000000000e+05
3.591830053669282409e-03 5.823717414344815063e+10 3.695780000000000000e+05
3.612751942127294565e-03 5.747115622743157196e+10 3.734660000000000000e+05
3.633695287620703016e-03 5.700129064253453064e+10 3.782100000000000000e+05
3.654640656380759439e-03 5.650145993474668884e+10 3.831580000000000000e+05
3.675610751456185200e-03 5.620332396641114044e+10 3.874660000000000000e+05
3.696548704162959734e-03 5.522868780203211975e+10 3.905200000000000000e+05
3.717424036417998380e-03 5.494327892439453888e+10 3.945120000000000000e+05
3.738345997700743325e-03 5.439945497701853180e+10 4.005780000000000000e+05
3.759313376606930775e-03 5.383493560706776428e+10 4.059380000000000000e+05
3.780301687649433723e-03 5.321865961008023834e+10 4.098140000000000000e+05
3.801216422977883244e-03 5.247709652945974731e+10 4.123620000000000000e+05
3.822140407537945143e-03 5.238885475838066101e+10 4.194100000000000000e+05
3.843150642483481386e-03 5.159281670233756256e+10 4.247280000000000000e+05
3.864100309678084478e-03 5.111184674404793549e+10 4.265580000000000000e+05
3.885037448634693670e-03 5.069538516457664490e+10 4.331960000000000000e+05
3.905992546688218190e-03 5.007350892101075745e+10 4.366480000000000000e+05
3.926968889495974571e-03 4.991748175324308777e+10 4.438480000000000000e+05
3.947919912764940274e-03 4.937357293765026093e+10 4.444500000000000000e+05
3.968809095191870237e-03 4.894804324121994781e+10 4.511780000000000000e+05
3.989707591929131034e-03 4.837756458995071411e+10 4.539680000000000000e+05
4.010672832955066748e-03 4.805789301589022827e+10 4.638300000000000000e+05
4.031639383660075987e-03 4.747708146939370728e+10 4.636500000000000000e+05
4.052568136510180212e-03 4.741132673481465912e+10 4.716760000000000000e+05
4.073526038593747178e-03 4.666989963259010315e+10 4.750940000000000000e+05
4.094489398659429888e-03 4.626053498804888916e+10 4.809620000000000000e+05
4.115445453160421208e-03 4.585935593661067200e+10 4.855700000000000000e+05
4.136358162412105167e-03 4.549312662729329681e+10 4.881840000000000000e+05
4.157271722718521023e-03 4.510966321196939850e+10 4.955520000000000000e+05
4.178226448857211110e-03 4.463146720480242157e+10 5.002980000000000000e+05
4.199180132835248283e-03 4.403653391530142975e+10 5.052500000000000000e+05
4.220122271474228276e-03 4.384032973296672058e+10 5.104780000000000000e+05
4.241058615773919509e-03 4.357201793460610199e+10 5.140660000000000000e+05
4.262016527872686950e-03 4.305040498544077301e+10 5.225060000000000000e+05
4.282957108014494481e-03 4.266272655618894196e+10 5.232600000000000000e+05
4.303920606016589483e-03 4.211972129885464478e+10 5.338900000000000000e+05
4.324900711072319527e-03 4.191101075831079865e+10 5.346180000000000000e+05
4.345819868260085254e-03 4.150892718564450836e+10 5.405880000000000000e+05
4.366741355105016945e-03 4.124458321579887390e+10 5.460140000000000000e+05
4.387687576206064123e-03 4.079383582359324646e+10 5.516580000000000000e+05
4.408641252392609886e-03 4.048123588105643463e+10 5.572260000000000000e+05
4.429571596276063450e-03 4.021664470325905609e+10 5.608360000000000000e+05
4.450498500189372340e-03 3.985786310350053406e+10 5.678360000000000000e+05
4.471485341863776740e-03 3.944608486177066803e+10 5.749780000000000000e+05
4.492441410558204416e-03 3.918953636402789307e+10 5.763060000000000000e+05
4.513343365306714088e-03 3.879824995429492950e+10 5.831660000000000000e+05
4.534281153104992475e-03 3.862827278456777954e+10 5.893300000000000000e+05
4.555228142645097698e-03 3.824738878736922455e+10 5.938900000000000000e+05
4.576187639323749112e-03 3.787423296172351074e+10 6.016200000000000000e+05
4.597128030531173748e-03 3.752269087660642242e+10 6.033700000000000000e+05
4.618035650780973750e-03 3.738643434030461121e+10 6.110180000000000000e+05
4.638999328291089179e-03 3.689324146422485352e+10 6.175840000000000000e+05
4.659954510042933241e-03 3.668030291147151947e+10 6.215220000000000000e+05
4.680898882661307069e-03 3.640214865214950562e+10 6.287140000000000000e+05
4.701854800139268313e-03 3.608379404535093689e+10 6.324560000000000000e+05
4.722798299773690520e-03 3.572969259067511749e+10 6.403260000000000000e+05
4.743740579222889032e-03 3.543742186384111023e+10 6.429160000000000000e+05
4.764671430826451608e-03 3.511094568732290649e+10 6.514900000000000000e+05
4.785630000033127933e-03 3.467057827801199341e+10 6.558780000000000000e+05
4.806598069599005846e-03 3.457116697881117249e+10 6.632740000000000000e+05
4.827520819925074091e-03 3.430994635828308868e+10 6.654180000000000000e+05
4.848450178391465470e-03 3.402022793912017441e+10 6.743220000000000000e+05
4.869408503203899105e-03 3.368616086319914627e+10 6.796140000000000000e+05
4.890380914734916880e-03 3.344338854160308838e+10 6.862820000000000000e+05
4.911321585953588344e-03 3.319078090228303909e+10 6.897760000000000000e+05
4.932241071478910867e-03 3.295674979256262970e+10 6.968880000000000000e+05
4.953190501765598365e-03 3.258077338396875000e+10 7.027380000000000000e+05
4.974121761082719168e-03 3.244716835233403397e+10 7.083380000000000000e+05
4.995019003930593546e-03 3.209157524126188660e+10 7.120920000000000000e+05
5.015957276489464711e-03 3.193906018991081238e+10 7.230740000000000000e+05
5.036924478070266449e-03 3.165215664145549011e+10 7.260280000000000000e+05
5.057877000379992598e-03 3.145222476220848465e+10 7.339940000000000000e+05
5.078837573861229478e-03 3.126198886087841034e+10 7.393740000000000000e+05
5.099803304237073877e-03 3.105567834226700211e+10 7.460900000000000000e+05
5.120772839316486101e-03 3.065176170907663727e+10 7.520180000000000000e+05
5.141715166207226628e-03 3.049654022341312027e+10 7.564860000000000000e+05
5.162623510308616409e-03 3.018419716762205124e+10 7.616660000000000000e+05
5.183578866044248785e-03 3.005367161576596451e+10 7.728580000000000000e+05
5.204526277597153715e-03 2.976785205282036209e+10 7.728260000000000000e+05
5.225432892487220753e-03 2.953644929838685226e+10 7.826460000000000000e+05
5.246381252225634090e-03 2.932226656084750366e+10 7.885780000000000000e+05
5.267351408156492956e-03 2.908664241661628342e+10 7.964900000000000000e+05
5.288292804304761674e-03 2.889597261374972534e+10 7.996520000000000000e+05
5.309203013744335717e-03 2.863036012898144531e+10 8.060180000000000000e+05
5.330163024375439776e-03 2.839800677899409485e+10 8.170740000000000000e+05
5.351148492684165182e-03 2.822470837772955322e+10 8.200040000000000000e+05
5.372069804439618367e-03 2.795772594678117371e+10 8.256460000000000000e+05
5.392998247667225679e-03 2.788839298341063309e+10 8.331220000000000000e+05
5.413951736963958788e-03 2.769431623689100266e+10 8.400500000000000000e+05
5.434890416730552357e-03 2.746896588605377960e+10 8.458920000000000000e+05
5.455836937598190425e-03 2.728388218317109299e+10 8.528680000000000000e+05
5.476773563924624763e-03 2.703139788658334351e+10 8.591060000000000000e+05
5.497703248326882113e-03 2.685826389915265274e+10 8.643500000000000000e+05
5.518652061045208577e-03 2.665301995794403458e+10 8.746660000000000000e+05
5.539607922118034052e-03 2.644911821469682693e+10 8.779860000000000000e+05
5.560574844575168034e-03 2.623142098907081604e+10 8.886260000000000000e+05
5.581519275973697083e-03 2.616543585928699875e+10 8.899740000000000000e+05
5.602425265285189936e-03 2.584424675346470642e+10 8.980880000000000000e+05
5.623383351546370167e-03 2.569773284981465530e+10 9.085540000000000000e+05
5.644373191424221364e-03 2.548826887279917908e+10 9.140540000000000000e+05
5.665288316907858557e-03 2.532848198221179581e+10 9.152280000000000000e+05
5.686221591163983201e-03 2.511295464633839035e+10 9.298260000000000000e+05
5.707184821479444926e-03 2.500090890546890259e+10 9.311460000000000000e+05
5.728134188723717386e-03 2.483530738894218826e+10 9.426360000000000000e+05
5.749088571545068506e-03 2.460635564789830780e+10 9.451140000000000000e+05
5.770005745514510294e-03 2.437901397825564194e+10 9.527320000000000000e+05
5.790959226569722222e-03 2.427296557333815002e+10 9.631820000000000000e+05
5.811894835529232348e-03 2.411446096430274200e+10 9.639540000000000000e+05
5.832824970741895196e-03 2.387150272844929504e+10 9.774260000000000000e+05
5.853784985935771290e-03 2.378919448948947906e+10 9.803900000000000000e+05
5.874720961160064675e-03 2.360094415156961060e+10 9.888660000000000000e+05
5.895662134299190990e-03 2.346530606686153793e+10 9.958500000000000000e+05
5.916600629045295177e-03 2.324382672456425858e+10 1.001722000000000000e+06
5.937555451052196204e-03 2.311328361828786850e+10 1.012572000000000000e+06
5.958502282595038585e-03 2.293448149398426437e+10 1.014340000000000000e+06
5.979450310435244220e-03 2.281488690422889328e+10 1.027810000000000000e+06
6.000386289893909139e-03 2.267897464495022964e+10 1.027342000000000000e+06
6.021316521619196269e-03 2.251649961777436829e+10 1.040824000000000000e+06
6.042248222996981187e-03 2.232942284917127228e+10 1.043012000000000000e+06
6.063191808203589016e-03 2.219004381727138138e+10 1.055506000000000000e+06
6.084156014741207673e-03 2.203943730907483673e+10 1.060694000000000000e+06
6.105098031896988298e-03 2.193700108492500687e+10 1.067122000000000000e+06
6.126045096320165487e-03 2.177154597757474518e+10 1.075762000000000000e+06
6.147012740620710035e-03 2.159700880617789459e+10 1.084606000000000000e+06
6.167959436111305691e-03 2.145115261390232849e+10 1.088162000000000000e+06
6.188894491932587019e-03 2.128445543333159637e+10 1.097898000000000000e+06
6.209841327112627582e-03 2.121764637862960052e+10 1.104138000000000000e+06
6.230780779989405528e-03 2.098748928600436020e+10 1.112582000000000000e+06
6.251728852262752358e-03 2.095011933391066742e+10 1.120042000000000000e+06
6.272672237590436878e-03 2.069931737810588837e+10 1.126258000000000000e+06
6.293606531353737252e-03 2.059048187051657867e+10 1.134620000000000000e+06
6.314525842076099474e-03 2.049160650888821030e+10 1.139818000000000000e+06
6.335480427082902134e-03 2.033442781955246353e+10 1.153700000000000000e+06
6.356446024588109298e-03 2.018938196099324417e+10 1.155926000000000000e+06
6.377367140193187893e-03 2.004547496956482697e+10 1.163874000000000000e+06
6.398313565908670709e-03 1.989775644415910721e+10 1.174882000000000000e+06
6.419260121280221526e-03 1.979806919282069778e+10 1.178282000000000000e+06
6.440218587345369547e-03 1.969159543236779404e+10 1.192332000000000000e+06
6.461158775814396064e-03 1.952398220164227295e+10 1.191242000000000000e+06
6.482075493038591193e-03 1.940850153318853378e+10 1.205140000000000000e+06
6.503021599461181537e-03 1.931572698399769592e+10 1.210806000000000000e+06
6.523983342755540656e-03 1.916530846725463486e+10 1.221506000000000000e+06
6.544934890755176732e-03 1.907441683489757538e+10 1.226362000000000000e+06
6.565871171090307754e-03 1.893694384180838394e+10 1.234482000000000000e+06
6.586833468300840218e-03 1.882225084087569046e+10 1.245910000000000000e+06
6.607797806640947937e-03 1.866612884562991714e+10 1.250240000000000000e+06
6.628727319026261194e-03 1.855175805207751846e+10 1.257554000000000000e+06
6.649661195173045547e-03 1.839025608257884598e+10 1.267192000000000000e+06
6.670604474610463894e-03 1.833126017279130173e+10 1.273586000000000000e+06
6.691533941440819776e-03 1.816053349636785889e+10 1.282714000000000000e+06
6.712465110591878462e-03 1.809565590100029373e+10 1.289062000000000000e+06
6.733402927879838379e-03 1.797027084289831161e+10 1.299768000000000000e+06
6.754377693055123484e-03 1.786977427914904785e+10 1.309778000000000000e+06
6.775342499181890438e-03 1.774729344417464066e+10 1.314924000000000000e+06
6.796254657177060871e-03 1.765418083481450653e+10 1.319702000000000000e+06
6.817187776562244790e-03 1.750386176051347351e+10 1.333208000000000000e+06
6.838151923094192876e-03 1.742681391063348007e+10 1.340212000000000000e+06
6.859103286713035333e-03 1.732540792794698715e+10 1.348454000000000000e+06
6.880052783898826275e-03 1.720485344341172028e+10 1.356042000000000000e+06
6.901007347581009782e-03 1.708902474254884911e+10 1.365818000000000000e+06
6.921969877109315772e-03 1.700129613916778183e+10 1.373154000000000000e+06
6.942887545347252616e-03 1.689629027542993927e+10 1.377196000000000000e+06
6.963785823996730337e-03 1.679621055629740143e+10 1.387268000000000000e+06
6.984754600336452561e-03 1.672168472672011757e+10 1.402330000000000000e+06
7.005695100548091706e-03 1.657019619022783470e+10 1.401214000000000000e+06
7.026622940060659253e-03 1.644710421094253922e+10 1.416810000000000000e+06
7.047573703016726983e-03 1.636782240367225075e+10 1.422122000000000000e+06
7.068510180821678882e-03 1.625920181076881218e+10 1.430634000000000000e+06
7.089459553652813044e-03 1.618931900850734520e+10 1.441006000000000000e+06
7.110410504685391736e-03 1.609383351863615417e+10 1.448832000000000000e+06
7.131375137393774002e-03 1.597845114470400810e+10 1.458732000000000000e+06
7.152328933453326251e-03 1.589839866228106689e+10 1.465678000000000000e+06
7.173251613590963041e-03 1.579823531617462540e+10 1.470370000000000000e+06
7.194203212912279530e-03 1.567671450895749092e+10 1.487866000000000000e+06
7.215157841321821926e-03 1.556184418346710014e+10 1.487870000000000000e+06
7.236108141261602018e-03 1.549704692387730980e+10 1.503962000000000000e+06
7.257048666689974378e-03 1.540496978467679787e+10 1.504850000000000000e+06
7.277960787602941184e-03 1.533327502783170509e+10 1.516066000000000000e+06
7.298904195271708681e-03 1.522682030937095070e+10 1.528222000000000000e+06
7.319871598940557236e-03 1.513500602608448601e+10 1.536026000000000000e+06
7.340813612849602515e-03 1.504878877137712479e+10 1.542330000000000000e+06
7.361742379966780374e-03 1.496768899614452171e+10 1.551846000000000000e+06
7.382683337923755078e-03 1.488387752019880867e+10 1.561504000000000000e+06
7.403644198201568029e-03 1.476992086069438553e+10 1.573074000000000000e+06
7.424582991544486157e-03 1.470870785795557785e+10 1.575546000000000000e+06
7.445529605290209657e-03 1.461586090237560844e+10 1.592096000000000000e+06
7.466481542023457874e-03 1.450618112587876320e+10 1.594450000000000000e+06
7.487417858727503719e-03 1.441879534047704315e+10 1.607282000000000000e+06
7.508358534842077443e-03 1.433817824984493065e+10 1.613718000000000000e+06
7.529281078305200513e-03 1.427176373918290520e+10 1.621618000000000000e+06
7.550232514422407053e-03 1.419757697841547966e+10 1.636714000000000000e+06
7.571170630036476445e-03 1.411395011164225006e+10 1.638078000000000000e+06
7.592116318725157693e-03 1.403377402667456245e+10 1.655090000000000000e+06
7.613077203628958525e-03 1.391895721105957985e+10 1.659706000000000000e+06
7.634011257516152942e-03 1.386230422691907120e+10 1.668002000000000000e+06
7.654973111713371005e-03 1.380362558185759163e+10 1.683910000000000000e+06
7.675911437617626704e-03 1.371102834256847191e+10 1.681432000000000000e+06
7.696841098506215610e-03 1.360472132892627144e+10 1.701434000000000000e+06
7.717798893418999912e-03 1.350838070068667603e+10 1.704454000000000000e+06
7.738762486991400055e-03 1.345503556277233124e+10 1.720330000000000000e+06
7.759712252735236591e-03 1.340189059947364616e+10 1.722076000000000000e+06
7.780626973772562273e-03 1.330080109474330330e+10 1.731610000000000000e+06
7.801564151514805458e-03 1.323513877669949913e+10 1.745606000000000000e+06
7.822528896693948727e-03 1.314657736181130981e+10 1.754440000000000000e+06
7.843486861125832307e-03 1.306590938126529121e+10 1.763148000000000000e+06
7.864428165107073543e-03 1.299994181140644455e+10 1.771182000000000000e+06
7.885344063475309070e-03 1.292750764391511345e+10 1.776490000000000000e+06
7.906293793786002208e-03 1.283546612201522827e+10 1.797170000000000000e+06
7.927252264594475753e-03 1.276756652005476189e+10 1.796022000000000000e+06
7.948181191653037533e-03 1.268910294140612602e+10 1.811602000000000000e+06
7.969123416133441773e-03 1.261801909609040451e+10 1.817522000000000000e+06
7.990049045727176322e-03 1.254942034891643143e+10 1.826640000000000000e+06
8.010985758534407142e-03 1.249087128505592728e+10 1.840112000000000000e+06
8.031951089543826194e-03 1.242636768315430260e+10 1.850280000000000000e+06
8.052912656648330073e-03 1.233312885931906700e+10 1.858716000000000000e+06
8.073879462498162116e-03 1.227870279095245361e+10 1.870668000000000000e+06
8.094817154052342742e-03 1.220918082762235260e+10 1.872580000000000000e+06
8.115739037859221253e-03 1.213037332968689728e+10 1.888154000000000000e+06
8.136680281278783552e-03 1.207324336824638939e+10 1.894416000000000000e+06
8.157642102452917349e-03 1.198818733771889114e+10 1.911736000000000000e+06
8.178579019049374982e-03 1.194315378366564178e+10 1.910298000000000000e+06
8.199510340422665883e-03 1.187542573105439186e+10 1.929098000000000000e+06
8.220466981858976993e-03 1.181812495519581985e+10 1.935862000000000000e+06
8.241409546366222985e-03 1.174222623288854027e+10 1.944570000000000000e+06
8.262329895134375157e-03 1.168360310360309982e+10 1.953184000000000000e+06
8.283274531472860705e-03 1.159709790310688400e+10 1.968266000000000000e+06
8.304243732694425312e-03 1.154044998234186745e+10 1.977462000000000000e+06
8.325172084878356554e-03 1.148989937904195404e+10 1.980932000000000000e+06
8.346110977185398905e-03 1.142256573317772293e+10 1.998474000000000000e+06
8.367063873327407891e-03 1.135198889094228363e+10 2.005446000000000000e+06
8.388004618475481886e-03 1.130107829606768608e+10 2.014266000000000000e+06
8.408965504008502484e-03 1.124276697987503815e+10 2.030650000000000000e+06
8.429908993488458013e-03 1.115927336670948029e+10 2.030774000000000000e+06
8.450841337145178697e-03 1.109566312951012993e+10 2.048722000000000000e+06
8.471798743828248129e-03 1.104843924116829681e+10 2.056106000000000000e+06
8.492749771888364815e-03 1.096232789179173851e+10 2.067218000000000000e+06
8.513671635141271607e-03 1.091524176171539497e+10 2.071678000000000000e+06
8.534592157513546176e-03 1.084926096320093346e+10 2.086386000000000000e+06
8.555562581404392575e-03 1.080371278298306847e+10 2.102840000000000000e+06
8.576520646810222373e-03 1.075101537008103371e+10 2.104270000000000000e+06
8.597448065562549036e-03 1.068419996018370819e+10 2.116892000000000000e+06
8.618403235739703974e-03 1.063807150393393707e+10 2.131000000000000000e+06
8.639352720922553741e-03 1.058201802334431839e+10 2.135924000000000000e+06
8.660285069356361137e-03 1.051821649500372505e+10 2.148804000000000000e+06
8.681205223995314482e-03 1.044019456218549919e+10 2.154268000000000000e+06
8.702158425108942608e-03 1.038803406605774307e+10 2.175194000000000000e+06
8.723117173314601236e-03 1.033284647187262344e+10 2.177926000000000000e+06
8.744034676417435439e-03 1.027095352262659645e+10 2.186538000000000000e+06
8.764979598380113687e-03 1.022265467743894005e+10 2.205194000000000000e+06
8.785932290615883558e-03 1.019032843806867981e+10 2.208550000000000000e+06
8.806871497174174196e-03 1.011174986729993820e+10 2.223482000000000000e+06
8.827818353898213982e-03 1.006190291142340088e+10 2.232786000000000000e+06
8.848780708483971677e-03 1.000834561396273041e+10 2.245720000000000000e+06
8.869734148017290043e-03 9.965262534994129181e+09 2.253774000000000000e+06
8.890665565399122339e-03 9.895339315067770004e+09 2.261258000000000000e+06
8.911620780301367228e-03 9.857785111722364426e+09 2.281412000000000000e+06
8.932585956974154265e-03 9.795143724876737595e+09 2.284316000000000000e+06
8.953533078438893900e-03 9.737420533055801392e+09 2.297788000000000000e+06
8.974470445141555577e-03 9.700501598594762802e+09 2.305698000000000000e+06
8.995400632408384958e-03 9.629756844195943832e+09 2.316138000000000000e+06
9.016319280554532800e-03 9.587532599467674255e+09 2.325814000000000000e+06
9.037253920177783229e-03 9.548314095448640823e+09 2.340042000000000000e+06
9.058201535340669464e-03 9.485710624785543442e+09 2.351186000000000000e+06
9.079154238139635485e-03 9.436340547399305344e+09 2.363414000000000000e+06
9.100131819131006966e-03 9.386008681444007874e+09 2.377410000000000000e+06
9.121064865455797213e-03 9.348618866911960602e+09 2.376306000000000000e+06
9.141981233745502533e-03 9.301801341003559113e+09 2.394608000000000000e+06
9.162941393257252251e-03 9.239719133098886490e+09 2.408926000000000000e+06
9.183881219560940251e-03 9.214103961690252304e+09 2.411756000000000000e+06
9.204824342633543405e-03 9.139337317378118515e+09 2.431120000000000000e+06
9.225777682404880109e-03 9.098370256401859283e+09 2.437312000000000000e+06
9.246722633724927323e-03 9.062646151638086319e+09 2.450328000000000000e+06
9.267663983415212747e-03 9.010471795184604645e+09 2.459196000000000000e+06
9.288593044584242051e-03 8.970500172339202881e+09 2.469910000000000000e+06
9.309529692482654967e-03 8.928821141873550415e+09 2.481922000000000000e+06
9.330483363834749314e-03 8.876735035983827591e+09 2.498194000000000000e+06
9.351439740104288204e-03 8.838813713012704849e+09 2.503298000000000000e+06
9.372388599119116023e-03 8.778871674630395889e+09 2.520374000000000000e+06
9.393301968195480120e-03 8.730572340341720581e+09 2.516170000000000000e+06
9.414235834829864924e-03 8.688193484701431274e+09 2.547408000000000000e+06
9.435212106359593121e-03 8.653856229551656723e+09 2.550832000000000000e+06
9.456163628275575730e-03 8.618518099886552811e+09 2.562104000000000000e+06
9.477103894004685128e-03 8.572618189876529694e+09 2.572700000000000000e+06
9.498052928690409180e-03 8.522371668377891541e+09 2.584858000000000000e+06
9.518996337879167408e-03 8.485615918411377907e+09 2.595756000000000000e+06
9.539931079276701281e-03 8.431281585020000458e+09 2.605620000000000000e+06
9.560880919817041010e-03 8.398358596825406075e+09 2.620648000000000000e+06
9.581832173066004432e-03 8.364117514763567924e+09 2.630984000000000000e+06
9.602776172309554145e-03 8.300624418508830070e+09 2.640290000000000000e+06
9.623715027609339862e-03 8.270421129984767914e+09 2.654362000000000000e+06
9.644649894599970422e-03 8.220771039059600830e+09 2.660726000000000000e+06
9.665582071407231510e-03 8.191006593272526741e+09 2.677114000000000000e+06
9.686517449193469270e-03 8.147512121488983154e+09 2.685762000000000000e+06
9.707473117854586650e-03 8.100526899054432869e+09 2.704274000000000000e+06
9.728424492467507151e-03 8.074877293943182945e+09 2.709196000000000000e+06
9.749369801231063185e-03 8.028744590295231819e+09 2.724820000000000000e+06
9.770324780499195158e-03 7.992173472492611885e+09 2.736208000000000000e+06
9.791264363435981874e-03 7.958425427616456985e+09 2.743768000000000000e+06
9.812205066557784516e-03 7.911735634525129318e+09 2.759730000000000000e+06
9.833160931073609348e-03 7.873142566479184151e+09 2.771952000000000000e+06
9.854097235485376888e-03 7.844005430832840919e+09 2.777268000000000000e+06
9.875037999319194806e-03 7.815498787488728523e+09 2.797782000000000000e+06
9.895989367209959489e-03 7.754072002702294350e+09 2.803642000000000000e+06
9.916927245804646462e-03 7.728084645025833130e+09 2.816794000000000000e+06
9.937869380779206993e-03 7.690574976539142609e+09 2.830062000000000000e+06
9.958826481688226248e-03 7.654791024417375565e+09 2.843378000000000000e+06
9.979774868813932540e-03 7.623980920439126015e+09 2.853154000000000000e+06
1.000069821143680093e-02 7.580737863056583405e+09 2.859412000000000000e+06
1.002162272426048405e-02 7.563645243686700821e+09 2.876980000000000000e+06
1.004256722830361090e-02 7.531343138080655098e+09 2.890392000000000000e+06
1.006351224970695318e-02 7.473862952353429794e+09 2.899476000000000000e+06
1.008446063218807962e-02 7.460069776119568825e+09 2.917726000000000000e+06
1.010541581371072160e-02 7.410512571377164841e+09 2.922866000000000000e+06
1.012636580884461457e-02 7.378304567100070953e+09 2.942762000000000000e+06
1.014732102857123473e-02 7.342600054857394218e+09 2.948244000000000000e+06
1.016825766198237169e-02 7.322471738447699547e+09 2.960844000000000000e+06
1.018918905674288770e-02 7.270905044511891365e+09 2.972272000000000000e+06
1.021013947687613235e-02 7.249295611754398346e+09 2.989284000000000000e+06
1.023108361089690790e-02 7.207414241131469727e+09 2.997166000000000000e+06
1.025204062939684586e-02 7.185847154555179596e+09 3.015898000000000000e+06
1.027298221161072195e-02 7.157961077030324936e+09 3.017474000000000000e+06
1.029391941887124878e-02 7.116653095549991608e+09 3.040014000000000000e+06
1.031486555176150399e-02 7.096529054982825279e+09 3.043856000000000000e+06
1.033581475106024050e-02 7.070445728119914055e+09 3.066500000000000000e+06
1.035676447297369587e-02 7.037868255076264381e+09 3.068136000000000000e+06
1.037770158394408018e-02 7.007415477484549522e+09 3.088024000000000000e+06
1.039863640906126679e-02 6.966474689961955070e+09 3.092690000000000000e+06
1.041958100057027194e-02 6.943769222770531654e+09 3.115154000000000000e+06
1.044053342563799371e-02 6.930744505405566216e+09 3.120446000000000000e+06
1.046146653361525874e-02 6.890183198908967018e+09 3.134098000000000000e+06
1.048241525249252702e-02 6.858024313376796722e+09 3.150914000000000000e+06
1.050334874905482253e-02 6.829267357588680267e+09 3.154270000000000000e+06
1.052428159857683905e-02 6.811365190639191628e+09 3.175378000000000000e+06
1.054523485558974544e-02 6.788173818928619385e+09 3.186922000000000000e+06
1.056617700374397686e-02 6.752238786164778709e+09 3.195530000000000000e+06
1.058712983125213031e-02 6.721226243095900536e+09 3.217292000000000000e+06
1.060807579670321535e-02 6.696362233969065666e+09 3.218148000000000000e+06
1.062901467447870466e-02 6.678165526863800049e+09 3.240616000000000000e+06
1.064997100637046258e-02 6.650179426852424622e+09 3.249184000000000000e+06
1.067092231155890997e-02 6.627594960602471352e+09 3.263600000000000000e+06
1.069184232595445962e-02 6.591786802359889030e+09 3.267524000000000000e+06
1.071278652053386446e-02 6.578342931534922600e+09 3.293642000000000000e+06
