# in Mpc/h Units 
# (k P_nu(k))
# a= 0.337551
# nk = 757
0.020944 1316.84
0.0296192 670.945
0.036276 403.343
0.0418879 268.214
0.0468321 196.929
0.051302 155.092
0.0592384 106.879
0.0628319 91.0954
0.0662306 75.9395
0.0694632 66.536
0.072552 59.329
0.0755145 47.0788
0.0783651 41.3997
0.0837758 36.1248
0.0863541 28.0366
0.0888577 24.2574
0.0912926 22.7566
0.0936642 22.1128
0.0959772 17.961
0.0982358 16.2466
0.102604 14.7636
0.10472 12.6093
0.106794 11.5267
0.108828 10.3445
0.112787 9.97934
0.114715 9.19633
0.118477 8.57557
0.120314 8.27193
0.122123 7.57276
0.123906 6.91111
0.125664 6.15349
0.127397 6.13416
0.129107 5.54199
0.132461 4.34829
0.134107 5.03867
0.135732 4.74515
0.137339 4.46836
0.138926 4.57039
0.140496 3.80105
0.142049 3.58445
0.145104 2.12488
0.146608 3.16259
0.148096 3.07271
0.14957 2.93555
0.151029 2.88716
0.152474 2.83124
0.153906 2.59923
0.15673 2.32918
0.158123 2.24381
0.159504 2.14621
0.160874 2.00044
0.163577 2.12843
0.164913 1.79728
0.167552 1.67332
0.168856 1.59022
0.170149 1.68646
0.171434 1.59396
0.172708 1.5155
0.173974 1.34858
0.17523 1.41661
0.177715 1.58176
0.178945 1.13622
0.180167 1.29543
0.18138 1.33758
0.182585 1.09521
0.183782 1.14435
0.184972 1.1575
0.187328 1.00006
0.188496 1.16095
0.190347 0.948954
0.191954 1.04817
0.193094 0.865871
0.194226 0.904305
0.196472 0.886155
0.197585 0.895744
0.199006 0.905037
0.201976 0.841502
0.203059 0.691283
0.205208 0.673762
0.206274 0.721177
0.207335 0.64075
0.20839 0.700541
0.210326 0.646222
0.211524 0.692839
0.213587 0.515304
0.214612 0.523274
0.215631 0.54662
0.216957 0.520031
0.218661 0.482541
0.219662 0.543041
0.223129 0.434108
0.224599 0.410475
0.22618 0.455853
0.22751 0.480567
0.229429 0.369535
0.230383 0.41823
0.231604 0.402818
0.23416 0.35568
0.235095 0.336078
0.236954 0.381116
0.238108 0.356942
0.239975 0.343709
0.241537 0.303283
0.242444 0.297892
0.244844 0.284082
0.246417 0.268196
0.248401 0.28541
0.249576 0.245357
0.251327 0.227251
0.252777 0.255947
0.254191 0.26191
0.25601 0.255251
0.258214 0.212983
0.2594 0.21477
0.26075 0.169545
0.262904 0.203236
0.265657 0.199452
0.266722 0.171261
0.268622 0.175561
0.269844 0.198522
0.271964 0.177216
0.273543 0.17235
0.275842 0.152288
0.277853 0.198869
0.279641 0.158678
0.28148 0.16934
0.282936 0.139463
0.285198 0.154135
0.286404 0.134944
0.288084 0.134528
0.291553 0.121486
0.292736 0.135451
0.294335 0.122394
0.296659 0.109896
0.298323 0.102624
0.300394 0.108816
0.302928 0.100118
0.304588 0.101797
0.305974 0.108137
0.308578 0.0953821
0.310884 0.087778
0.312408 0.0815416
0.314799 0.0831529
0.317265 0.0891869
0.319597 0.0759011
0.320771 0.0727699
0.3227 0.0761819
0.32574 0.0742097
0.32795 0.0699703
0.330224 0.0703015
0.331726 0.0653337
0.333831 0.0639674
0.336246 0.0603924
0.338319 0.061206
0.341157 0.0591886
0.343593 0.0498936
0.346262 0.0487564
0.347842 0.0464769
0.350326 0.0522289
0.352828 0.0420291
0.354442 0.0428416
0.356776 0.0445937
0.359142 0.0425897
0.361681 0.0413348
0.363857 0.0407013
0.366441 0.03633
0.368657 0.0383733
0.371486 0.0400845
0.374587 0.0321406
0.376839 0.034507
0.379079 0.0346538
0.38178 0.0297678
0.384712 0.0283713
0.386663 0.0264266
0.389313 0.0278559
0.39167 0.0281138
0.394428 0.0273044
0.397811 0.0245368
0.400019 0.0286029
0.402781 0.0255365
0.405015 0.0247636
0.40766 0.0250635
0.410865 0.0214066
0.413244 0.0221523
0.416084 0.0201792
0.418986 0.0202707
0.421544 0.0190127
0.424534 0.0187961
0.42751 0.0159026
0.430034 0.019098
0.432751 0.0175569
0.436344 0.0159496
0.438896 0.016728
0.44171 0.0150838
0.444585 0.0140494
0.447784 0.0131323
0.45034 0.0128894
0.453413 0.0123476
0.456575 0.0112929
0.459787 0.0118694
0.462622 0.0113082
0.465862 0.0113682
0.468802 0.010545
0.471915 0.0102898
0.475472 0.00985008
0.478779 0.0102008
0.481919 0.00973526
0.484939 0.00891342
0.488502 0.00882072
0.491034 0.00852973
0.494348 0.00765846
0.497688 0.00759458
0.500527 0.00810841
0.504331 0.00761955
0.507364 0.00732007
0.510774 0.00678413
0.514275 0.0065567
0.517978 0.00630014
0.521294 0.00603655
0.524822 0.00563975
0.527973 0.00559877
0.531698 0.00549609
0.535226 0.005254
0.539103 0.00516699
0.543 0.00507148
0.546011 0.00470569
0.549827 0.00447052
0.55369 0.00457964
0.557166 0.00426079
0.560475 0.00440265
0.564609 0.00411436
0.56859 0.00404097
0.572441 0.00385822
0.5763 0.00360593
0.580121 0.00354673
0.583625 0.00351031
0.587525 0.00318625
0.591428 0.00313183
0.595301 0.00299697
0.599624 0.00304566
0.603294 0.00295457
0.60771 0.00266608
0.611568 0.00273996
0.615779 0.00264589
0.619303 0.0025184
0.623194 0.00235325
0.627636 0.00233351
0.631826 0.00222302
0.635971 0.00206412
0.64039 0.00220437
0.644956 0.0020925
0.649302 0.00201008
0.653461 0.00193435
0.657644 0.00181906
0.662026 0.00177178
0.666685 0.00168115
0.670916 0.00160669
0.675462 0.00154625
0.679703 0.0015922
0.684292 0.00149295
0.688927 0.00145538
0.693468 0.00136683
0.698026 0.00128454
0.702952 0.00129542
0.707372 0.00119772
0.712317 0.00119966
0.716936 0.00112469
0.721869 0.00115078
0.726964 0.00105368
0.73163 0.000985569
0.736224 0.0009754
0.74119 0.000981923
0.746118 0.000920934
0.751313 0.000881806
0.756133 0.000893357
0.761156 0.000844392
0.766095 0.000819543
0.771205 0.000769228
0.776456 0.000775704
0.781432 0.000707425
0.786733 0.00067692
0.791574 0.000692962
0.797255 0.000651856
0.802676 0.000625855
0.808005 0.00061417
0.813482 0.000591006
0.818759 0.000587771
0.824173 0.000548465
0.829708 0.000538145
0.834919 0.000512613
0.840568 0.000483023
0.846479 0.000502446
0.851948 0.000464771
0.857592 0.000437906
0.863369 0.000432733
0.869182 0.000419638
0.874831 0.000403265
0.880682 0.000398789
0.886294 0.000369505
0.892352 0.000364376
0.898399 0.00034758
0.904229 0.000338082
0.910231 0.00032963
0.916513 0.000309364
0.922651 0.000298683
0.92895 0.000291334
0.935092 0.000283588
0.940995 0.000274723
0.947406 0.000265502
0.953652 0.000252972
0.960017 0.000241659
0.966595 0.000238871
0.972908 0.000232964
0.979222 0.000215827
0.985855 0.000214778
0.992666 0.000216044
0.998881 0.000204127
1.00551 0.000192663
1.01216 0.000187079
1.01908 0.000180722
1.02599 0.0001735
1.03271 0.000165671
1.03948 0.000160903
1.04641 0.000157112
1.05346 0.000153207
1.06036 0.000145415
1.0676 0.000141898
1.07471 0.000136627
1.08175 0.000129474
1.08895 0.000127294
1.09637 0.000122814
1.10369 0.000116896
1.11092 0.000114768
1.1181 0.000110239
1.12573 0.000108016
1.1332 0.000103626
1.14081 0.00010072
1.14829 9.47793e-05
1.15605 9.22902e-05
1.16374 8.92225e-05
1.1717 8.64339e-05
1.17935 8.32066e-05
1.18713 8.07627e-05
1.195 7.73876e-05
1.20281 7.52118e-05
1.21088 7.14328e-05
1.21904 7.00237e-05
1.22715 6.75613e-05
1.23533 6.56531e-05
1.24354 6.37207e-05
1.25174 6.02886e-05
1.26013 6.01522e-05
1.26845 5.74218e-05
1.27706 5.51386e-05
1.28545 5.33379e-05
1.29387 5.20434e-05
1.3027 4.98e-05
1.31143 4.81712e-05
1.3202 4.66718e-05
1.32891 4.43446e-05
1.33775 4.33942e-05
1.34663 4.1265e-05
1.35548 4.02369e-05
1.3645 3.89541e-05
1.37362 3.80358e-05
1.38289 3.61702e-05
1.39214 3.53582e-05
1.40146 3.42282e-05
1.41076 3.26462e-05
1.42016 3.17661e-05
1.42955 3.08511e-05
1.43897 2.92344e-05
1.44856 2.87882e-05
1.45815 2.8104e-05
1.46783 2.699e-05
1.47755 2.59999e-05
1.48753 2.48332e-05
1.4975 2.39164e-05
1.50759 2.2998e-05
1.51744 2.26003e-05
1.52762 2.17325e-05
1.53782 2.09069e-05
1.54798 2.04898e-05
1.55817 1.98277e-05
1.56867 1.88564e-05
1.579 1.86085e-05
1.58955 1.75764e-05
1.60018 1.70503e-05
1.61084 1.65044e-05
1.62148 1.59956e-05
1.63242 1.53793e-05
1.64322 1.50399e-05
1.65411 1.44008e-05
1.66512 1.40852e-05
1.67627 1.36221e-05
1.68736 1.30119e-05
1.69863 1.25128e-05
1.70994 1.21647e-05
1.72135 1.18026e-05
1.73279 1.13548e-05
1.74428 1.1015e-05
1.75588 1.05944e-05
1.76756 1.03452e-05
1.77941 1.00775e-05
1.79124 9.63999e-06
1.80325 9.275e-06
1.81507 8.98401e-06
1.82722 8.63549e-06
1.83948 8.42175e-06
1.85166 8.09872e-06
1.86408 7.82716e-06
1.87633 7.57994e-06
1.88886 7.28306e-06
1.90144 7.0176e-06
1.914 6.82802e-06
1.92679 6.53957e-06
1.93957 6.406e-06
1.95256 6.18556e-06
1.96563 5.90611e-06
1.97869 5.71893e-06
1.99179 5.58036e-06
2.00509 5.4328e-06
2.01846 5.14457e-06
2.03193 5.07462e-06
2.04528 4.85139e-06
2.05892 4.76368e-06
2.07279 4.55196e-06
2.0865 4.38569e-06
2.10039 4.23589e-06
2.11443 4.10732e-06
2.12845 3.95675e-06
2.14263 3.83646e-06
2.15695 3.69104e-06
2.17119 3.59335e-06
2.18567 3.46179e-06
2.20036 3.33544e-06
2.21494 3.20301e-06
2.22958 3.11511e-06
2.24445 3.03474e-06
2.25936 2.90513e-06
2.27439 2.82393e-06
2.28969 2.72169e-06
2.30493 2.65039e-06
2.32027 2.55071e-06
2.33573 2.45714e-06
2.35122 2.39169e-06
2.3669 2.3164e-06
2.38266 2.21928e-06
2.39847 2.15519e-06
2.41442 2.07529e-06
2.43055 2.00407e-06
2.44673 1.9408e-06
2.4629 1.8768e-06
2.47932 1.81519e-06
2.4959 1.75132e-06
2.51254 1.70227e-06
2.52927 1.63748e-06
2.54604 1.58327e-06
2.56299 1.53413e-06
2.58009 1.4821e-06
2.5973 1.43131e-06
2.61455 1.38202e-06
2.63195 1.3393e-06
2.64948 1.28931e-06
2.66707 1.25499e-06
2.68485 1.20941e-06
2.70286 1.16127e-06
2.72085 1.13078e-06
2.73892 1.09083e-06
2.75712 1.0505e-06
2.77543 1.01994e-06
2.79389 9.82815e-07
2.81251 9.46694e-07
2.83127 9.15601e-07
2.85007 8.82943e-07
2.86897 8.61206e-07
2.88818 8.31205e-07
2.90739 8.02593e-07
2.92669 7.75413e-07
2.94616 7.47406e-07
2.96573 7.26098e-07
2.98548 7.01854e-07
3.00539 6.73193e-07
3.02539 6.5689e-07
3.04557 6.33508e-07
3.06592 6.14237e-07
3.0863 5.92932e-07
3.10684 5.73368e-07
3.12756 5.52784e-07
3.1484 5.35966e-07
3.16935 5.15818e-07
3.19042 4.97477e-07
3.21172 4.82352e-07
3.2331 4.66115e-07
3.25451 4.5005e-07
3.27615 4.3376e-07
3.2979 4.21263e-07
3.31984 4.06246e-07
3.34198 3.92181e-07
3.3643 3.80942e-07
3.38673 3.67789e-07
3.40918 3.54589e-07
3.43196 3.411e-07
3.45493 3.31432e-07
3.47788 3.20276e-07
3.50098 3.09959e-07
3.52428 2.98761e-07
3.54776 2.88658e-07
3.5713 2.79706e-07
3.59506 2.68609e-07
3.61902 2.6167e-07
3.64313 2.51841e-07
3.66736 2.43275e-07
3.69182 2.35168e-07
3.71639 2.27425e-07
3.7411 2.19018e-07
3.76602 2.12243e-07
3.7911 2.05531e-07
3.81637 1.9848e-07
3.8418 1.91498e-07
3.8673 1.84808e-07
3.89298 1.79326e-07
3.91895 1.73151e-07
3.94503 1.67113e-07
3.97125 1.61722e-07
3.99772 1.56197e-07
4.02443 1.50672e-07
4.05121 1.45548e-07
4.07809 1.4047e-07
4.10526 1.3578e-07
4.13259 1.30976e-07
4.16008 1.26752e-07
4.18785 1.22761e-07
4.21573 1.1821e-07
4.24371 1.13869e-07
4.27197 1.10725e-07
4.30044 1.0653e-07
4.32905 1.03049e-07
4.35788 9.96695e-08
4.38688 9.61708e-08
4.41605 9.32147e-08
4.44546 8.96403e-08
4.47509 8.64859e-08
4.50493 8.38344e-08
4.53494 8.0736e-08
4.56506 7.80492e-08
4.59545 7.53351e-08
4.62609 7.26597e-08
4.65691 7.01194e-08
4.68789 6.78538e-08
4.71906 6.55008e-08
4.75048 6.32077e-08
4.78209 6.1068e-08
4.8139 5.89391e-08
4.84595 5.70232e-08
4.87821 5.51219e-08
4.91071 5.31381e-08
4.94338 5.13287e-08
4.97629 4.96119e-08
5.00945 4.79739e-08
5.04276 4.62694e-08
5.07626 4.47287e-08
5.1101 4.31944e-08
5.14418 4.17089e-08
5.1784 4.02902e-08
5.21287 3.88988e-08
5.24757 3.75459e-08
5.2825 3.63018e-08
5.31768 3.50425e-08
5.35308 3.38908e-08
5.38871 3.27198e-08
5.42459 3.15548e-08
5.46071 3.05026e-08
5.49705 2.94976e-08
5.53363 2.84709e-08
5.57046 2.7453e-08
5.60749 2.65481e-08
5.64482 2.5691e-08
5.68244 2.47711e-08
5.72029 2.3928e-08
5.7584 2.31328e-08
5.79671 2.23394e-08
5.83528 2.15612e-08
5.87416 2.08124e-08
5.91325 2.01125e-08
5.95258 1.94255e-08
5.99221 1.87543e-08
6.03213 1.81549e-08
6.07232 1.75124e-08
6.11272 1.69164e-08
6.15341 1.63446e-08
6.1944 1.57696e-08
6.23563 1.52312e-08
6.27716 1.47257e-08
6.31895 1.42193e-08
6.36099 1.37309e-08
6.40334 1.3251e-08
6.44597 1.27977e-08
6.48883 1.23963e-08
6.53202 1.19519e-08
6.57553 1.15302e-08
6.61931 1.11457e-08
6.66339 1.07581e-08
6.70776 1.04034e-08
6.7524 1.00385e-08
6.79737 9.68683e-09
6.84263 9.35711e-09
6.88816 9.03873e-09
6.93399 8.73852e-09
6.98015 8.42199e-09
7.02663 8.14386e-09
7.0734 7.87092e-09
7.12047 7.59819e-09
7.16789 7.33071e-09
7.21564 7.08415e-09
7.26365 6.83285e-09
7.312 6.60147e-09
7.36069 6.3771e-09
7.40968 6.15671e-09
7.459 5.95824e-09
7.50862 5.74331e-09
7.5586 5.55144e-09
7.60894 5.35433e-09
7.65961 5.16942e-09
7.7106 4.99733e-09
7.76192 4.82479e-09
7.81363 4.66048e-09
7.86566 4.50237e-09
7.91801 4.34915e-09
7.97072 4.2033e-09
8.02376 4.0613e-09
8.07717 3.91755e-09
8.13095 3.78971e-09
8.18507 3.6599e-09
8.23956 3.53482e-09
8.29442 3.41399e-09
8.34962 3.30016e-09
8.40521 3.18992e-09
8.46119 3.08452e-09
8.51752 2.9779e-09
8.57417 2.8826e-09
8.63126 2.78501e-09
8.68876 2.69445e-09
8.74657 2.60429e-09
8.80479 2.51812e-09
8.86345 2.43438e-09
8.92244 2.35387e-09
8.98183 2.27854e-09
9.04164 2.20531e-09
9.10181 2.1347e-09
9.1624 2.06969e-09
9.22341 2.00102e-09
9.28477 1.93713e-09
9.34659 1.87556e-09
9.40883 1.81642e-09
9.47148 1.76033e-09
9.53453 1.70666e-09
9.59797 1.65419e-09
9.66188 1.60339e-09
9.72619 1.55762e-09
9.79093 1.51131e-09
9.85612 1.46826e-09
9.92173 1.42799e-09
9.98778 1.38667e-09
10.0543 1.35021e-09
10.1212 1.3123e-09
10.1886 1.27754e-09
10.2564 1.24371e-09
10.3247 1.21218e-09
10.3934 1.18137e-09
10.4626 1.15321e-09
10.5323 1.12499e-09
10.6024 1.10032e-09
10.6729 1.07675e-09
10.7439 1.04886e-09
10.8154 1.01205e-09
10.8874 9.76689e-10
10.9599 9.43313e-10
11.0329 9.11464e-10
11.1063 8.81269e-10
11.1802 8.5265e-10
11.2546 8.25149e-10
11.3296 7.99005e-10
11.405 7.74051e-10
11.4809 7.50123e-10
11.5573 7.26973e-10
11.6343 7.05385e-10
11.7117 6.8407e-10
11.7897 6.64121e-10
11.8682 6.45069e-10
11.9472 6.26269e-10
12.0267 6.08126e-10
12.1068 5.91125e-10
12.1874 5.74721e-10
12.2685 5.58466e-10
12.3502 5.43396e-10
12.4324 5.2937e-10
12.5151 5.15331e-10
12.5985 5.0156e-10
12.6823 4.88723e-10
12.7667 4.76232e-10
12.8517 4.64841e-10
12.9373 4.53032e-10
13.0234 4.42653e-10
13.1101 4.32451e-10
13.1973 4.22586e-10
13.2852 4.13086e-10
13.3736 4.03746e-10
13.4626 3.9574e-10
13.5522 3.87513e-10
13.6424 3.8006e-10
13.7332 3.72729e-10
13.8247 3.66181e-10
13.9167 3.5972e-10
14.0093 3.53904e-10
14.1025 3.48277e-10
14.1964 3.42857e-10
14.2909 3.37776e-10
14.386 3.32309e-10
14.4818 3.2747e-10
14.5781 3.2289e-10
14.6751 3.18418e-10
14.7727 3.13152e-10
14.8711 3.07882e-10
14.97 3.01474e-10
15.0695 2.94064e-10
15.1698 2.8488e-10
15.2709 2.77063e-10
15.3726 2.70741e-10
15.4749 2.65126e-10
15.5779 2.60232e-10
15.6816 2.56093e-10
15.786 2.51928e-10
15.8911 2.48815e-10
15.9968 2.4599e-10
16.1033 2.43349e-10
16.2104 2.41733e-10
16.3183 2.39309e-10
16.4269 2.38862e-10
16.5362 2.38058e-10
16.6462 2.38434e-10
16.757 2.38159e-10
16.8685 2.39198e-10
16.9806 2.40813e-10
17.0936 2.42863e-10
17.2072 2.45563e-10
17.3216 2.49239e-10
17.4366 2.53063e-10
17.5525 2.5931e-10
17.6693 2.64064e-10
17.7861 2.71056e-10
17.9035 2.80493e-10
18.0221 2.8896e-10
18.1408 3.00351e-10
18.2586 3.12125e-10
18.374 3.19051e-10
18.4789 3.53055e-10
