# in Mpc/h Units 
# D1 = 0.897597 
# k P N P(z=0)
0.020944 19367.4 6 24038.5
0.0296192 15665.7 12 19444.1
0.036276 12720.7 8 15788.8
0.0418879 10272.6 6 12750.2
0.0468321 9048.31 24 11230.6
0.051302 8550.59 24 10612.9
0.0592384 7848.66 12 9741.65
0.0628319 7837.57 30 9727.89
0.0662306 6776.75 24 8411.22
0.0694632 6940.84 24 8614.88
0.072552 6988.32 8 8673.82
0.0755145 5316.86 24 6599.22
0.0783651 5263.82 48 6533.38
0.0837758 6558.87 6 8140.79
0.0863541 4499.04 48 5584.16
0.0888577 3902.41 36 4843.62
0.0912926 4477.73 24 5557.7
0.0936642 5476.14 24 6796.92
0.0959772 3776.25 48 4687.03
0.0982358 3777.4 24 4688.46
0.102604 4076.87 24 5060.16
0.10472 3431.35 30 4258.95
0.106794 3168 72 3932.08
0.108828 2894.21 32 3592.26
0.112787 3203.23 72 3975.81
0.114715 3323.98 48 4125.68
0.118477 3398.83 12 4218.58
0.120314 3336.33 48 4141.01
0.122123 2980.95 48 3699.92
0.123906 2852.15 48 3540.05
0.125664 2353.22 30 2920.78
0.127397 2628.35 24 3262.28
0.129107 2396.41 72 2974.4
0.132461 1725.8 24 2142.04
0.134107 2728.74 96 3386.87
0.135732 2564.53 48 3183.06
0.137339 2347.91 24 2914.19
0.138926 2644.7 24 3282.57
0.140496 2111.92 72 2621.29
0.142049 2112.63 48 2622.16
0.145104 455.362 8 565.189
0.146608 2066.73 54 2565.2
0.148096 2020.74 84 2508.12
0.14957 2211.76 48 2745.21
0.151029 2531.27 24 3141.78
0.152474 2258.62 72 2803.37
0.153906 2097.25 96 2603.09
0.15673 1696 48 2105.05
0.158123 2011.43 48 2496.56
0.159504 2197.07 24 2726.98
0.160874 1604.83 72 1991.9
0.163577 2289.83 72 2842.1
0.164913 1578.91 96 1959.72
0.167552 1603.28 6 1989.97
0.168856 1466.3 96 1819.96
0.170149 1963.63 96 2437.23
0.171434 1745.2 24 2166.12
0.172708 1677.46 48 2082.04
0.173974 1655.06 96 2054.24
0.17523 1928.16 48 2393.21
0.177715 2221.15 36 2756.87
0.178945 1246.82 48 1547.53
0.180167 1545.85 120 1918.69
0.18138 1783.5 56 2213.65
0.182585 1004.5 24 1246.78
0.183782 1311.46 96 1627.77
0.184972 1724.15 48 2140
0.187328 1363.68 24 1692.59
0.188496 1620.13 102 2010.88
0.190347 1231.34 120 1528.32
0.191954 1558.84 48 1934.82
0.193094 1260.36 48 1564.34
0.194226 1523.74 120 1891.24
0.196472 1351.72 24 1677.74
0.197585 1464.33 144 1817.51
0.199006 1602.1 168 1988.51
0.201976 1510.34 48 1874.61
0.203059 1103.84 96 1370.08
0.205208 1140.02 24 1414.97
0.206274 1570.99 48 1949.9
0.207335 1245.84 108 1546.32
0.20839 1360.92 72 1689.15
0.210326 1393.61 198 1729.74
0.211524 1810.42 48 2247.07
0.213587 1105.61 72 1372.27
0.214612 1116.6 96 1385.91
0.215631 1273.09 72 1580.14
0.216957 1262.59 104 1567.11
0.218661 942.997 72 1170.44
0.219662 1492.95 144 1853.03
0.223129 1027.38 192 1275.18
0.224599 1048.74 48 1301.68
0.22618 1216.4 192 1509.78
0.22751 1482.15 72 1839.62
0.229429 1203.63 48 1493.93
0.230383 1245.22 78 1545.56
0.231604 1162.32 168 1442.65
0.23416 944.651 144 1172.49
0.235095 1078.75 144 1338.93
0.236954 1328.15 12 1648.49
0.238108 1217.77 192 1511.48
0.239975 1096.5 168 1360.97
0.241537 931.914 48 1156.68
0.242444 1171.44 168 1453.97
0.244844 949.638 144 1178.68
0.246417 975.971 168 1211.36
0.248401 1013.01 144 1257.34
0.249576 1023.89 48 1270.84
0.251327 865.754 30 1074.56
0.252777 1150.38 288 1427.84
0.254191 1023.25 80 1270.05
0.25601 999.147 288 1240.13
0.258214 1122.45 72 1393.17
0.2594 930.736 240 1155.22
0.26075 623.483 96 773.86
0.262904 928.96 168 1153.01
0.265657 1028.38 216 1276.42
0.266722 700.421 132 869.354
0.268622 795.346 192 987.173
0.269844 1115.89 120 1385.03
0.271964 963.519 126 1195.91
0.273543 901.696 288 1119.17
0.275842 865.837 312 1074.67
0.277853 915.605 24 1136.44
0.279641 949.692 264 1178.75
0.28148 957.916 192 1188.95
0.282936 928.397 192 1152.31
0.285198 925.647 336 1148.9
0.286404 762.139 48 945.957
0.288084 858.06 240 1065.01
0.291553 826.455 296 1025.79
0.292736 828.574 150 1028.42
0.294335 817.15 240 1014.24
0.296659 845.62 228 1049.57
0.298323 753.275 216 934.955
0.300394 885.894 336 1099.56
0.302928 733.278 360 910.136
0.304588 665.694 144 826.252
0.305974 705.432 168 875.574
0.308578 767.539 312 952.66
0.310884 744.804 288 924.441
0.312408 751.607 192 932.885
0.314799 781.657 366 970.182
0.317265 806.834 408 1001.43
0.319597 713.873 168 886.05
0.320771 648.15 336 804.476
0.3227 690.642 240 857.216
0.32574 706.145 380 876.458
0.32795 762.286 384 946.14
0.330224 735.604 240 913.023
0.331726 627.957 360 779.413
0.333831 692.405 198 859.404
0.336246 723.045 384 897.434
0.338319 732.717 384 909.44
0.341157 735.341 432 912.696
0.343593 646.634 528 802.594
0.346262 667.177 288 828.092
0.347842 606.923 288 753.305
0.350326 677.801 456 841.278
0.352828 616.6 360 765.316
0.354442 684.592 180 849.707
0.356776 616.503 486 765.196
0.359142 653.693 504 811.356
0.361681 579.756 512 719.586
0.363857 581.825 264 722.154
0.366441 584.998 600 726.092
0.368657 589.253 288 731.374
0.371486 578.377 672 717.875
0.374587 556.694 408 690.962
0.376839 584.361 462 725.302
0.379079 555.833 600 689.893
0.38178 476.938 504 591.97
0.384712 597.538 324 741.656
0.386663 539.074 744 669.092
0.389313 586.003 456 727.34
0.39167 567.952 432 704.935
0.394428 593.561 720 736.72
0.397811 567.571 534 704.462
0.400019 604.085 536 749.783
0.402781 556.353 624 690.538
0.405015 542.519 600 673.368
0.40766 552.402 696 685.634
0.410865 499.183 456 619.579
0.413244 523.816 732 650.154
0.416084 508.526 600 631.176
0.418986 545.145 702 676.628
0.421544 530.675 672 658.668
0.424534 516.759 768 641.395
0.42751 513.775 768 637.691
0.430034 492.012 408 610.679
0.432751 516.104 1080 640.582
0.436344 452.547 632 561.696
0.438896 507.108 750 629.416
0.44171 453.422 696 562.782
0.444585 484.452 876 601.296
0.447784 489.554 864 607.628
0.45034 450.278 768 558.88
0.453413 451.967 888 560.975
0.456575 448.117 816 556.198
0.459787 467.67 654 580.466
0.462622 455.498 1296 565.358
0.465862 463.211 816 574.932
0.468802 472.567 816 586.544
0.471915 464.017 1088 575.932
0.475472 423.12 1020 525.172
0.478779 449.919 1032 558.434
0.481919 471.201 942 584.849
0.484939 431.981 1032 536.169
0.488502 409.321 1128 508.044
0.491034 417.243 888 517.877
0.494348 425.139 1176 527.677
0.497688 414.961 960 515.044
0.500527 434.025 1110 538.707
0.504331 399.659 1116 496.052
0.507364 420.96 1352 522.491
0.510774 453.012 1200 562.272
0.514275 395.024 1224 490.299
0.517978 399.064 1320 495.313
0.521294 416.889 1128 517.437
0.524822 411.64 1518 510.923
0.527973 386.652 1080 479.907
0.531698 402.637 1524 499.748
0.535226 396.1 1416 491.634
0.539103 365.427 1704 453.564
0.543 361.17 1088 448.28
0.546011 382.53 1446 474.792
0.549827 376.084 1800 466.791
0.55369 371.627 1512 461.259
0.557166 396.026 1392 491.543
0.560475 367.3 1392 455.888
0.564609 350.513 1962 435.052
0.56859 350.407 1776 434.92
0.572441 338.673 1680 420.357
0.5763 355.39 1776 441.106
0.580121 359.018 1544 445.609
0.583625 366.599 1896 455.019
0.587525 351.02 1662 435.682
0.591428 343.519 1908 426.371
0.595301 351.008 2184 435.667
0.599624 338.638 1848 420.314
0.603294 351.423 1848 436.182
0.60771 324.721 2238 403.04
0.611568 345.444 2088 428.761
0.615779 330.796 2192 410.58
0.619303 331.14 1536 411.007
0.623194 332.915 2412 413.21
0.627636 334.807 2262 415.558
0.631826 322.01 2448 399.675
0.635971 321.608 2040 399.176
0.64039 328.64 2976 407.904
0.644956 298.56 2184 370.569
0.649302 314.455 2550 390.297
0.653461 329.471 2396 408.935
0.657644 309.354 2760 383.966
0.662026 308.663 2424 383.108
0.666685 305.972 2832 379.769
0.670916 300.412 2574 372.868
0.675462 328.851 3024 408.165
0.679703 297.421 2484 369.155
0.684292 313.052 3168 388.557
0.688927 295.702 2894 367.022
0.693468 281.479 2856 349.369
0.698026 296.432 3384 367.928
0.702952 290.83 3240 360.975
0.707372 287.284 2856 356.573
0.712317 284.057 3474 352.567
0.716936 286.277 3432 355.323
0.721869 282.751 3552 350.947
0.726964 269.023 3560 333.908
0.73163 286.251 3270 355.291
0.736224 283.422 3552 351.779
0.74119 278.936 3780 346.212
0.746118 274.231 3960 340.372
0.751313 269.624 3696 334.654
0.756133 270.23 3726 335.406
0.761156 260.034 4376 322.751
0.766095 266.559 3648 330.85
0.771205 267.969 4332 332.6
0.776456 253.599 4254 314.764
0.781432 264.743 4296 328.596
0.786733 264.904 4320 328.796
0.791574 259.833 4368 322.501
0.797255 262.275 4826 325.533
0.802676 250.674 5016 311.134
0.808005 255.546 4608 317.181
0.813482 249.968 4824 310.257
0.818759 248.23 4950 308.101
0.824173 238.474 5232 295.991
0.829708 247.575 4980 307.287
0.834919 243.958 4838 302.798
0.840568 241.873 6024 300.209
0.846479 234.97 5520 291.642
0.851948 245.353 5400 304.53
0.857592 233.972 5538 290.403
0.863369 240.999 6456 299.125
0.869182 230.613 5504 286.234
0.874831 230.452 6168 286.035
0.880682 229.561 5910 284.928
0.886294 230.053 6372 285.539
0.892352 230.34 6768 285.896
0.898399 234.165 6294 290.642
0.904229 221.665 6656 275.128
0.910231 225.331 7224 279.678
0.916513 223.392 6708 277.272
0.922651 218.025 7566 270.61
0.92895 223.589 7416 277.516
0.935092 217.15 6984 269.524
0.940995 219.529 7310 272.477
0.947406 211.82 8148 262.909
0.953652 212.311 7632 263.518
0.960017 213.238 8088 264.668
0.966595 207.708 8478 257.804
0.972908 209.428 8112 259.94
0.979222 205.084 8108 254.548
0.985855 201.781 9510 250.448
0.992666 207.271 8472 257.262
0.998881 209.51 8832 260.042
1.00551 200.662 8898 249.06
1.01216 202.489 10008 251.326
1.01908 196.703 9392 244.145
1.02599 196.082 10206 243.374
1.03271 193.939 9528 240.715
1.03948 189.096 10236 234.704
1.04641 193.881 10398 240.643
1.05346 189.399 10784 235.08
1.06036 192.655 10584 239.121
1.0676 190.842 11346 236.871
1.07471 183.27 11400 227.472
1.08175 186.336 11016 231.278
1.08895 186.514 11870 231.499
1.09637 183.646 12516 227.939
1.10369 180.384 11880 223.89
1.11092 181.514 11886 225.293
1.1181 182.255 13104 226.213
1.12573 185.725 12764 230.52
1.1332 178.774 13446 221.892
1.14081 174.962 13464 217.161
1.14829 175.24 13398 217.505
1.15605 173.118 14628 214.872
1.16374 174.549 14024 216.648
1.1717 175.85 15054 218.263
1.17935 169.119 14496 209.908
1.18713 163.601 15012 203.06
1.195 168.304 15422 208.897
1.20281 169.453 15624 210.323
1.21088 166.087 16146 206.145
1.21904 164.182 17064 203.781
1.22715 161.98 16152 201.047
1.23533 161.701 17510 200.701
1.24354 162.523 17172 201.722
1.25174 158.805 17880 197.107
1.26013 159.026 18030 197.381
1.26845 157.01 18680 194.879
1.27706 153.769 19170 190.857
1.28545 155.9 18720 193.502
1.29387 152.267 19536 188.992
1.3027 156.708 20954 194.504
1.31143 154.873 20328 192.227
1.3202 150.555 20718 186.867
1.32891 147.234 21348 182.745
1.33775 148.39 21534 184.18
1.34663 146.332 22256 181.625
1.35548 147.578 22104 183.172
1.3645 145.43 23178 180.506
1.37362 146.13 23880 181.375
1.38289 144.317 24230 179.124
1.39214 141.185 24468 175.237
1.40146 142.417 25230 176.767
1.41076 140.831 25328 174.798
1.42016 139.79 25818 173.506
1.42955 139.516 26616 173.166
1.43897 137.098 26376 170.164
1.44856 136.552 28034 169.487
1.45815 133.938 27816 166.242
1.46783 133.819 28398 166.094
1.47755 134.157 29652 166.513
1.48753 132.862 30134 164.907
1.4975 130.815 30792 162.366
1.50759 129.481 31218 160.711
1.51744 128.179 30912 159.094
1.52762 128.313 33158 159.26
1.53782 128.3 32772 159.244
1.54798 126.169 33150 156.599
1.55817 125.276 34256 155.49
1.56867 124.693 35562 154.768
1.579 122.497 34992 152.042
1.58955 122.115 37158 151.567
1.60018 121.761 36956 151.128
1.61084 120.023 37950 148.971
1.62148 119.268 38496 148.034
1.63242 116.765 40274 144.927
1.64322 116.922 39264 145.122
1.65411 118.433 41466 146.997
1.66512 116.854 41960 145.038
1.67627 115.319 42702 143.133
1.68736 114.239 43356 141.792
1.69863 114.591 44886 142.229
1.70994 111.788 45248 138.75
1.72135 111.984 46362 138.993
1.73279 111.459 46974 138.342
1.74428 109.838 48236 136.329
1.75588 108.212 48774 134.311
1.76756 106.167 50616 131.773
1.77941 108.13 51050 134.21
1.79124 106.264 52272 131.893
1.80325 105.074 53658 130.417
1.81507 105.751 52640 131.257
1.82722 104.601 57366 129.83
1.83948 103.83 55170 128.873
1.85166 103.168 58544 128.05
1.86408 100.182 58506 124.345
1.87633 98.7755 58968 122.599
1.88886 99.0657 62366 122.959
1.90144 98.2695 61266 121.971
1.914 98.7142 63960 122.523
1.92679 96.9885 64730 120.381
1.93957 96.9143 66360 120.289
1.95256 94.7516 67778 117.604
1.96563 94.2631 69558 116.998
1.97869 94.0222 69660 116.699
1.99179 91.9509 71390 114.128
2.00509 91.8972 73974 114.062
2.01846 91.3084 74196 113.331
2.03193 90.526 76622 112.36
2.04528 89.2261 75516 110.746
2.05892 88.5758 81510 109.939
2.07279 87.2462 80138 108.289
2.0865 86.6117 82368 107.501
2.10039 85.864 84098 106.573
2.11443 84.8829 86286 105.356
2.12845 84.7453 86700 105.185
2.14263 83.3806 90014 103.491
2.15695 82.6023 90930 102.525
2.17119 82.4978 91694 102.395
2.18567 81.5565 96228 101.227
2.20036 80.3452 97014 99.7235
2.21494 79.3745 97370 98.5186
2.22958 78.9633 100656 98.0083
2.24445 78.9931 102530 98.0452
2.25936 77.7785 104454 96.5378
2.27439 77.2096 107196 95.8316
2.28969 76.483 110414 94.9298
2.30493 75.4434 109578 93.6395
2.32027 74.9096 114974 92.9769
2.33573 74.0825 114396 91.9502
2.35122 73.7212 118190 91.5019
2.3669 72.8981 120498 90.4802
2.38266 71.8519 122718 89.1817
2.39847 71.3436 124604 88.5508
2.41442 70.6177 127950 87.6498
2.43055 69.9119 130826 86.7738
2.44673 69.2349 132510 85.9335
2.4629 68.8487 134180 85.4541
2.47932 68.3742 140214 84.8652
2.4959 67.337 140018 83.5778
2.51254 66.5263 145650 82.5717
2.52927 66.1595 145350 82.1164
2.54604 65.4456 150188 81.2302
2.56299 64.4118 152214 79.9471
2.58009 64.2724 157226 79.7741
2.5973 63.2974 158118 78.5639
2.61455 62.6356 162338 77.7425
2.63195 62.2114 165378 77.216
2.64948 61.3326 169256 76.1252
2.66707 60.9258 170682 75.6203
2.68485 60.2255 177566 74.7511
2.70286 60.014 179610 74.4887
2.72085 58.673 182690 72.8242
2.73892 58.0836 185694 72.0926
2.75712 57.8341 190346 71.783
2.77543 57.3224 192852 71.1479
2.79389 56.5037 198806 70.1317
2.81251 55.8912 201378 69.3715
2.83127 55.555 207446 68.9542
2.85007 54.5304 207258 67.6824
2.86897 54.4097 215762 67.5326
2.88818 53.6989 219702 66.6504
2.90739 53.1743 221522 65.9993
2.92669 52.5775 227754 65.2585
2.94616 51.8765 231710 64.3884
2.96573 51.8252 235994 64.3248
2.98548 50.8952 242346 63.1705
3.00539 50.4786 246704 62.6534
3.02539 50.1773 250410 62.2794
3.04557 48.9922 258410 60.8085
3.06592 48.8417 261414 60.6217
3.0863 48.3722 265874 60.0389
3.10684 47.8361 273450 59.3736
3.12756 47.1954 276974 58.5784
3.1484 46.6688 284402 57.9247
3.16935 46.0828 287754 57.1974
3.19042 45.6165 295010 56.6186
3.21172 45.0957 302142 55.9722
3.2331 44.8392 304946 55.6539
3.25451 44.1969 311642 54.8567
3.27615 43.8026 319326 54.3673
3.2979 43.2855 323618 53.7254
3.31984 42.7167 333744 53.0195
3.34198 42.2193 337970 52.4021
3.3643 41.7405 348758 51.8078
3.38673 41.179 350346 51.1108
3.40918 40.7439 358778 50.5708
3.43196 40.3217 370578 50.0468
3.45493 39.9742 374258 49.6154
3.47788 39.3507 380558 48.8416
3.50098 38.9417 388434 48.334
3.52428 38.5812 398522 47.8866
3.54776 38.1806 404042 47.3893
3.5713 37.6326 412164 46.7091
3.59506 37.3132 422258 46.3127
3.61902 36.7936 430754 45.6678
3.64313 36.4324 438906 45.2194
3.66736 36.0739 446738 44.7745
3.69182 35.3497 459098 43.8757
3.71639 35.1388 463380 43.6139
3.7411 34.7116 476138 43.0836
3.76602 34.3545 484322 42.6403
3.7911 33.9139 495738 42.0934
3.81637 33.5241 504266 41.6097
3.8418 33.0678 515696 41.0433
3.8673 32.7255 520974 40.6185
3.89298 32.4086 536882 40.2252
3.91895 32.0759 546818 39.8122
3.94503 31.6844 556178 39.3263
3.97125 31.2288 567672 38.7607
3.99772 30.9108 582314 38.366
4.02443 30.5097 593138 37.8683
4.05121 30.2043 600920 37.4893
4.07809 29.8109 614274 37.0009
4.10526 29.4614 630050 36.5671
4.13259 29.0954 638678 36.1128
4.16008 28.7111 653984 35.6359
4.18785 28.4119 669618 35.2645
4.21573 28.0425 676922 34.806
4.24371 27.6903 692552 34.3689
4.27197 27.3303 709178 33.922
4.30044 27.068 721416 33.5965
4.32905 26.6675 735698 33.0994
4.35788 26.4237 752546 32.7968
4.38688 26.084 763760 32.3752
4.41605 25.7815 782498 31.9997
4.44546 25.543 797178 31.7037
4.47509 25.1413 814976 31.2051
4.50493 24.9105 831266 30.9186
4.53494 24.5463 845696 30.4666
4.56506 24.1892 860234 30.0234
4.59545 23.9996 883928 29.788
4.62609 23.77 898338 29.503
4.65691 23.4772 917576 29.1396
4.68789 23.171 933194 28.7596
4.71906 22.9423 952736 28.4757
4.75048 22.5801 974522 28.0262
4.78209 22.2755 990032 27.6481
4.8139 22.0913 1013438 27.4194
4.84595 21.7913 1031168 27.0471
4.87821 21.5924 1055610 26.8002
4.91071 21.2809 1074440 26.4136
4.94338 21.0255 1095146 26.0966
4.97629 20.7459 1119584 25.7496
5.00945 20.5883 1141922 25.5539
5.04276 20.2938 1160216 25.1884
5.07626 20.0267 1185992 24.8569
5.1101 19.7825 1215422 24.5538
5.14418 19.5193 1235072 24.2271
5.1784 19.3537 1259024 24.0216
5.21287 19.0846 1286210 23.6875
5.24757 18.819 1310960 23.3579
5.2825 18.6189 1338056 23.1095
5.31768 18.4143 1364966 22.8556
5.35308 18.1456 1391768 22.5221
5.38871 17.9594 1420448 22.291
5.42459 17.7304 1448858 22.0067
5.46071 17.4915 1477952 21.7102
5.49705 17.2745 1506308 21.4408
5.53363 17.0872 1538144 21.2085
5.57046 16.8817 1567562 20.9534
5.60749 16.6368 1596704 20.6494
5.64482 16.4468 1635572 20.4135
5.68244 16.2552 1666520 20.1757
5.72029 16.0691 1699304 19.9448
5.7584 15.8739 1734278 19.7025
5.79671 15.6137 1764392 19.3795
5.83528 15.4631 1804904 19.1927
5.87416 15.2583 1841024 18.9384
5.91325 15.0628 1873820 18.6958
5.95258 14.9151 1913600 18.5124
5.99221 14.7153 1952864 18.2645
6.03213 14.5396 1994966 18.0463
6.07232 14.3374 2032160 17.7954
6.11272 14.1617 2070124 17.5774
6.15341 13.9809 2117456 17.353
6.1944 13.791 2156600 17.1172
6.23563 13.6161 2200316 16.9001
6.27716 13.4805 2247272 16.7318
6.31895 13.2974 2287460 16.5045
6.36099 13.1243 2335424 16.2897
6.40334 12.9648 2383216 16.0917
6.44597 12.791 2430548 15.8761
6.48883 12.6288 2474288 15.6747
6.53202 12.4703 2533724 15.478
6.57553 12.3181 2578544 15.2891
6.61931 12.1588 2634154 15.0914
6.66339 11.9939 2685200 14.8867
6.70776 11.8458 2740268 14.7029
6.7524 11.7028 2791568 14.5254
6.79737 11.554 2854940 14.3407
6.84263 11.4104 2904208 14.1625
6.88816 11.2644 2965964 13.9813
6.93399 11.1148 3022550 13.7956
6.98015 10.9787 3089068 13.6267
7.02663 10.8404 3148604 13.4549
7.0734 10.7093 3210680 13.2923
7.12047 10.5722 3275210 13.1221
7.16789 10.4429 3346312 12.9616
7.21564 10.3136 3408932 12.8011
7.26365 10.1871 3475196 12.6441
7.312 10.0501 3550342 12.4741
7.36069 9.93159 3618788 12.327
7.40968 9.80056 3690872 12.1643
7.459 9.66629 3765538 11.9977
7.50862 9.55092 3838964 11.8545
7.5586 9.42831 3920362 11.7023
7.60894 9.3192 4000832 11.5669
7.65961 9.19317 4077428 11.4104
7.7106 9.08529 4160626 11.2766
7.76192 8.97319 4243208 11.1374
7.81363 8.85267 4335538 10.9878
7.86566 8.76207 4413500 10.8754
7.91801 8.64166 4505450 10.7259
7.97072 8.53478 4596040 10.5933
8.02376 8.4242 4684418 10.456
8.07717 8.33252 4784836 10.3422
8.13095 8.22888 4877354 10.2136
8.18507 8.12116 4975786 10.0799
8.23956 8.02933 5078756 9.96591
8.29442 7.92317 5177662 9.83414
8.34962 7.82968 5280932 9.7181
8.40521 7.73213 5391274 9.59703
8.46119 7.63966 5500906 9.48225
8.51752 7.55821 5604530 9.38115
8.57417 7.47358 5715700 9.27612
8.63126 7.37396 5842058 9.15247
8.68876 7.29039 5955226 9.04875
8.74657 7.2078 6063770 8.94624
8.80479 7.13164 6202156 8.8517
8.86345 7.0441 6320530 8.74305
8.92244 6.96799 6442874 8.64858
8.98183 6.8966 6578986 8.55998
9.04164 6.81933 6707818 8.46407
9.10181 6.74784 6838082 8.37533
9.1624 6.68158 6987316 8.29309
9.22341 6.61248 7117018 8.20732
9.28477 6.54808 7259306 8.1274
9.34659 6.48474 7415650 8.04878
9.40883 6.41776 7558810 7.96565
9.47148 6.36594 7716338 7.90132
9.53453 6.3056 7860058 7.82644
9.59797 6.25065 8022286 7.75822
9.66188 6.19941 8191498 7.69463
9.72619 6.14799 8341402 7.6308
9.79093 6.10119 8524784 7.57272
9.85612 6.0611 8686018 7.52296
9.92173 6.01427 8865142 7.46484
9.98778 5.97584 9040714 7.41714
10.0543 5.94028 9225754 7.373
10.1212 5.90883 9409058 7.33397
10.1886 5.88086 9599212 7.29926
10.2564 5.85229 9792874 7.26379
10.3247 5.82624 9989362 7.23146
10.3934 5.81227 10185502 7.21411
10.4626 5.79927 10394392 7.19799
10.5323 5.78775 10607554 7.18368
10.6024 5.78726 10813990 7.18308
10.6729 5.78496 11029240 7.18022
10.7439 5.76917 11191111 7.16062
10.8154 5.70795 11185948 7.08464
10.8874 5.656 11191384 7.02016
10.9599 5.59136 11166280 6.93993
11.0329 5.54279 11162812 6.87964
11.1063 5.48513 11148064 6.80807
11.1802 5.42793 11122480 6.73708
11.2546 5.37603 11104984 6.67266
11.3296 5.32865 11085376 6.61385
11.405 5.27619 11049712 6.54874
11.4809 5.22998 11013328 6.49139
11.5573 5.1854 10970140 6.43605
11.6343 5.14016 10943872 6.3799
11.7117 5.09329 10885456 6.32173
11.7897 5.05324 10833720 6.27201
11.8682 5.00593 10777816 6.2133
11.9472 4.9727 10724320 6.17205
12.0267 4.93785 10657576 6.1288
12.1068 4.90266 10579924 6.08512
12.1874 4.86357 10508784 6.03661
12.2685 4.82505 10422700 5.98879
12.3502 4.79442 10345720 5.95077
12.4324 4.76915 10248148 5.91941
12.5151 4.73577 10144776 5.87797
12.5985 4.71051 10050904 5.84662
12.6823 4.69304 9924772 5.82494
12.7667 4.67292 9816636 5.79997
12.8517 4.6497 9692764 5.77115
12.9373 4.63212 9567688 5.74933
13.0234 4.61478 9424104 5.7278
13.1101 4.60747 9278716 5.71873
13.1973 4.5949 9127788 5.70314
13.2852 4.58159 8968792 5.68661
13.3736 4.58254 8801068 5.6878
13.4626 4.58338 8626764 5.68883
13.5522 4.58292 8444740 5.68827
13.6424 4.58709 8248812 5.69344
13.7332 4.59843 8050900 5.70752
13.8247 4.60878 7840044 5.72036
13.9167 4.62746 7621816 5.74354
14.0093 4.64891 7391184 5.77017
14.1025 4.66841 7158996 5.79437
14.1964 4.69126 6904924 5.82273
14.2909 4.72448 6649248 5.86397
14.386 4.74671 6384676 5.89156
14.4818 4.7877 6098844 5.94244
14.5781 4.82117 5811012 5.98397
14.6751 4.8439 5508112 6.01219
14.7727 4.87365 5195916 6.04912
14.8711 4.89599 4872228 6.07684
14.97 4.89886 4531392 6.0804
15.0695 4.88526 4181068 6.06353
15.1698 4.83222 3827115 5.99769
15.2709 4.7929 3511752 5.94888
15.3726 4.7838 3240696 5.93759
15.4749 4.7728 2990682 5.92394
15.5779 4.76436 2763190 5.91346
15.6816 4.77447 2544444 5.92601
15.786 4.80131 2340936 5.95933
15.8911 4.83159 2149530 5.99691
15.9968 4.87519 1967724 6.05103
16.1033 4.91514 1794918 6.10061
16.2104 4.95966 1632468 6.15587
16.3183 5.03574 1477728 6.2503
16.4269 5.10664 1333008 6.3383
16.5362 5.18668 1194306 6.43764
16.6462 5.28882 1064754 6.56442
16.757 5.39263 941964 6.69327
16.8685 5.52682 826020 6.85982
16.9806 5.6788 718284 7.04846
17.0936 5.82778 619944 7.23337
17.2072 6.02235 524820 7.47487
17.3216 6.24957 441182 7.75689
17.4366 6.48199 360702 8.04536
17.5525 6.74217 292782 8.3683
17.6693 7.07611 228006 8.78278
17.7861 7.46858 171158 9.2699
17.9035 7.82714 124494 9.71495
18.0221 8.32122 84168 10.3282
18.1408 8.8611 51006 10.9983
18.2586 9.46141 26360 11.7434
18.374 10.0068 9960 12.4203
18.4789 10.9137 1561 13.546
