# in Mpc/h Units 
# D1 = 0.103656 
# k P N P(z=0)
0.020944 240.366 6 22370.9
0.0296192 192.371 12 17903.9
0.036276 157.019 8 14613.8
0.0418879 133.868 6 12459
0.0468321 120.219 24 11188.8
0.051302 112.054 24 10428.9
0.0592384 101.981 12 9491.31
0.0628319 97.8472 30 9106.62
0.0662306 92.6303 24 8621.09
0.0694632 88.8566 24 8269.86
0.072552 85.6525 8 7971.66
0.0755145 78.2096 24 7278.95
0.0783651 74.2088 48 6906.6
0.0837758 69.365 6 6455.79
0.0863541 62.3258 48 5800.65
0.0888577 58.5525 36 5449.47
0.0912926 56.3838 24 5247.63
0.0936642 55.2853 24 5145.39
0.0959772 51.0025 48 4746.79
0.0982358 48.8685 24 4548.19
0.102604 47.1168 24 4385.15
0.10472 44.5507 30 4146.32
0.106794 43.3161 72 4031.42
0.108828 41.8239 32 3892.55
0.112787 41.883 72 3898.05
0.114715 40.8395 48 3800.92
0.118477 40.3391 12 3754.35
0.120314 40.1292 48 3734.82
0.122123 39.1356 48 3642.34
0.123906 37.9868 48 3535.43
0.125664 36.6077 30 3407.07
0.127397 36.4862 24 3395.76
0.129107 35.2456 72 3280.3
0.132461 32.459 24 3020.96
0.134107 33.8294 96 3148.49
0.135732 33.0766 48 3078.43
0.137339 32.3451 24 3010.35
0.138926 32.3458 24 3010.41
0.140496 30.1296 72 2804.16
0.142049 29.2788 48 2724.97
0.145104 25.1425 8 2340.01
0.146608 27.5614 54 2565.14
0.148096 27.0903 84 2521.29
0.14957 26.3574 48 2453.08
0.151029 25.9179 24 2412.18
0.152474 25.8796 72 2408.61
0.153906 24.9761 96 2324.52
0.15673 24.1336 48 2246.11
0.158123 23.4331 48 2180.92
0.159504 22.9347 24 2134.53
0.160874 22.5648 72 2100.11
0.163577 22.8442 72 2126.1
0.164913 21.7641 96 2025.58
0.167552 20.8677 6 1942.16
0.168856 21.002 96 1954.65
0.170149 21.1717 96 1970.45
0.171434 20.9581 24 1950.57
0.172708 20.5736 48 1914.78
0.173974 19.6819 96 1831.79
0.17523 19.9727 48 1858.85
0.177715 20.957 36 1950.46
0.178945 19.0508 48 1773.06
0.180167 19.9207 120 1854.02
0.18138 20.0362 56 1864.76
0.182585 19.0799 24 1775.76
0.183782 19.2592 96 1792.45
0.184972 19.0091 48 1769.17
0.187328 18.3262 24 1705.62
0.188496 19.2864 102 1794.98
0.190347 18.0832 120 1683
0.191954 18.4624 48 1718.3
0.193094 17.3062 48 1610.69
0.194226 17.4308 120 1622.28
0.196472 17.5139 24 1630.01
0.197585 17.4104 144 1620.38
0.199006 17.3449 168 1614.29
0.201976 16.7968 48 1563.28
0.203059 15.7977 96 1470.29
0.205208 15.4361 24 1436.63
0.206274 15.632 48 1454.87
0.207335 15.1121 108 1406.48
0.20839 15.464 72 1439.23
0.210326 14.9769 198 1393.9
0.211524 15.1385 48 1408.94
0.213587 13.9702 72 1300.21
0.214612 13.678 96 1273.01
0.215631 13.8768 72 1291.51
0.216957 13.5059 104 1256.99
0.218661 13.4685 72 1253.51
0.219662 13.6492 144 1270.33
0.223129 12.7698 192 1188.48
0.224599 12.5135 48 1164.63
0.22618 12.8693 192 1197.74
0.22751 12.9801 72 1208.06
0.229429 11.7399 48 1092.63
0.230383 12.5335 78 1166.49
0.231604 12.3772 168 1151.95
0.23416 11.9641 144 1113.5
0.235095 11.569 144 1076.72
0.236954 12.0107 12 1117.83
0.238108 11.8662 192 1104.39
0.239975 11.8015 168 1098.36
0.241537 11.3471 48 1056.07
0.242444 11.0817 168 1031.37
0.244844 11.1678 144 1039.39
0.246417 10.9169 168 1016.04
0.248401 11.1379 144 1036.6
0.249576 10.6284 48 989.18
0.251327 10.3356 30 961.929
0.252777 10.5622 288 983.024
0.254191 10.7488 80 1000.38
0.25601 10.6703 288 993.081
0.258214 9.94606 72 925.678
0.2594 9.98481 240 929.284
0.26075 9.28235 96 863.906
0.262904 9.8227 168 914.196
0.265657 9.47532 216 881.866
0.266722 9.21649 132 857.777
0.268622 9.24574 192 860.499
0.269844 9.41974 120 876.693
0.271964 9.05154 126 842.425
0.273543 8.93259 288 831.354
0.275842 8.58231 312 798.754
0.277853 9.5323 24 887.169
0.279641 8.63256 264 803.431
0.28148 8.91656 192 829.863
0.282936 8.32287 192 774.607
0.285198 8.55649 336 796.35
0.286404 8.23978 48 766.874
0.288084 8.05632 240 749.8
0.291553 7.82698 296 728.456
0.292736 8.26193 150 768.936
0.294335 7.79317 240 725.309
0.296659 7.58275 228 705.725
0.298323 7.45864 216 694.174
0.300394 7.41924 336 690.507
0.302928 7.34716 360 683.799
0.304588 7.41587 144 690.194
0.305974 7.43405 168 691.886
0.308578 7.23381 312 673.249
0.310884 7.05614 288 656.714
0.312408 6.83552 192 636.181
0.314799 6.88526 366 640.81
0.317265 7.03509 408 654.755
0.319597 6.6954 168 623.14
0.320771 6.48562 336 603.615
0.3227 6.66367 240 620.186
0.32574 6.56232 380 610.754
0.32795 6.39971 384 595.62
0.330224 6.26785 240 583.347
0.331726 6.25691 360 582.329
0.333831 6.19109 198 576.204
0.336246 6.00303 384 558.701
0.338319 5.91679 384 550.674
0.341157 5.90451 432 549.532
0.343593 5.64633 528 525.503
0.346262 5.54895 288 516.439
0.347842 5.51476 288 513.258
0.350326 5.64173 456 525.074
0.352828 5.24231 360 487.901
0.354442 5.20347 180 484.286
0.356776 5.27424 486 490.873
0.359142 5.14639 504 478.974
0.361681 5.174 512 481.543
0.363857 5.17446 264 481.586
0.366441 4.92434 600 458.307
0.368657 5.05683 288 470.638
0.371486 5.06602 672 471.493
0.374587 4.65743 408 433.466
0.376839 4.81497 462 448.128
0.379079 4.85269 600 451.639
0.38178 4.63317 504 431.208
0.384712 4.48053 324 417.002
0.386663 4.34296 744 404.198
0.389313 4.44755 456 413.932
0.39167 4.43011 432 412.31
0.394428 4.4018 720 409.675
0.397811 4.23242 534 393.911
0.400019 4.36487 536 406.237
0.402781 4.28102 624 398.434
0.405015 4.1759 600 388.65
0.40766 4.13864 696 385.183
0.410865 3.94295 456 366.97
0.413244 3.97175 732 369.65
0.416084 3.89068 600 362.105
0.418986 3.94628 702 367.279
0.421544 3.83303 672 356.739
0.424534 3.79174 768 352.897
0.42751 3.5587 768 331.208
0.430034 3.67141 408 341.697
0.432751 3.64963 1080 339.67
0.436344 3.66894 632 341.468
0.438896 3.49558 750 325.333
0.44171 3.45302 696 321.371
0.444585 3.29791 876 306.935
0.447784 3.28742 864 305.96
0.45034 3.23815 768 301.374
0.453413 3.16217 888 294.302
0.456575 3.06466 816 285.227
0.459787 3.15653 654 293.778
0.462622 3.0445 1296 283.351
0.465862 3.08508 816 287.128
0.468802 3.01194 816 280.32
0.471915 2.97812 1088 277.173
0.475472 2.93916 1020 273.547
0.478779 2.91231 1032 271.048
0.481919 2.89527 942 269.462
0.484939 2.79365 1032 260.004
0.488502 2.8308 1128 263.462
0.491034 2.73123 888 254.195
0.494348 2.65573 1176 247.168
0.497688 2.6661 960 248.133
0.500527 2.68104 1110 249.523
0.504331 2.63967 1116 245.674
0.507364 2.55776 1352 238.05
0.510774 2.52455 1200 234.959
0.514275 2.49157 1224 231.89
0.517978 2.4514 1320 228.151
0.521294 2.38891 1128 222.336
0.524822 2.33741 1518 217.542
0.527973 2.35734 1080 219.397
0.531698 2.25902 1524 210.246
0.535226 2.28394 1416 212.566
0.539103 2.28603 1704 212.76
0.543 2.23912 1088 208.394
0.546011 2.18598 1446 203.449
0.549827 2.13871 1800 199.049
0.55369 2.15042 1512 200.139
0.557166 2.06484 1392 192.174
0.560475 2.13334 1392 198.55
0.564609 2.05735 1962 191.477
0.56859 2.02359 1776 188.335
0.572441 2.0407 1680 189.927
0.5763 1.96015 1776 182.431
0.580121 1.88988 1544 175.891
0.583625 1.92312 1896 178.984
0.587525 1.85174 1662 172.341
0.591428 1.86651 1908 173.716
0.595301 1.7913 2184 166.716
0.599624 1.77842 1848 165.518
0.603294 1.78725 1848 166.339
0.60771 1.75314 2238 163.164
0.611568 1.70624 2088 158.799
0.615779 1.66765 2192 155.207
0.619303 1.65297 1536 153.842
0.623194 1.65053 2412 153.615
0.627636 1.61749 2262 150.539
0.631826 1.61669 2448 150.465
0.635971 1.55862 2040 145.06
0.64039 1.57329 2976 146.426
0.644956 1.54576 2184 143.864
0.649302 1.49582 2550 139.215
0.653461 1.47669 2396 137.435
0.657644 1.46877 2760 136.699
0.662026 1.46613 2424 136.452
0.666685 1.41581 2832 131.769
0.670916 1.40352 2574 130.625
0.675462 1.37432 3024 127.908
0.679703 1.37026 2484 127.53
0.684292 1.33008 3168 123.79
0.688927 1.30034 2894 121.022
0.693468 1.2654 2856 117.771
0.698026 1.28321 3384 119.428
0.702952 1.27708 3240 118.858
0.707372 1.21765 2856 113.327
0.712317 1.22278 3474 113.804
0.716936 1.22943 3432 114.423
0.721869 1.20141 3552 111.815
0.726964 1.15952 3560 107.916
0.73163 1.11807 3270 104.059
0.736224 1.13442 3552 105.58
0.74119 1.12322 3780 104.538
0.746118 1.11405 3960 103.684
0.751313 1.07435 3696 99.9893
0.756133 1.10046 3726 102.419
0.761156 1.05062 4376 97.7807
0.766095 1.04789 3648 97.5269
0.771205 1.03202 4332 96.0501
0.776456 1.02297 4254 95.2075
0.781432 1.00183 4296 93.2404
0.786733 0.972331 4320 90.4947
0.791574 0.9769 4368 90.9199
0.797255 0.96392 4826 89.7118
0.802676 0.947212 5016 88.1568
0.808005 0.915585 4608 85.2133
0.813482 0.909261 4824 84.6247
0.818759 0.910354 4950 84.7264
0.824173 0.895436 5232 83.3381
0.829708 0.862363 4980 80.2599
0.834919 0.864323 4838 80.4423
0.840568 0.858653 6024 79.9146
0.846479 0.8324 5520 77.4713
0.851948 0.808423 5400 75.2398
0.857592 0.805703 5538 74.9866
0.863369 0.796241 6456 74.106
0.869182 0.784245 5504 72.9895
0.874831 0.789343 6168 73.464
0.880682 0.758051 5910 70.5517
0.886294 0.743284 6372 69.1773
0.892352 0.731399 6768 68.0712
0.898399 0.724262 6294 67.4069
0.904229 0.726926 6656 67.6549
0.910231 0.702083 7224 65.3427
0.916513 0.697098 6708 64.8788
0.922651 0.676767 7566 62.9866
0.92895 0.676336 7416 62.9465
0.935092 0.675813 6984 62.8977
0.940995 0.663186 7310 61.7226
0.947406 0.655404 8148 60.9983
0.953652 0.639557 7632 59.5234
0.960017 0.616766 8088 57.4023
0.966595 0.613204 8478 57.0708
0.972908 0.607452 8112 56.5354
0.979222 0.592688 8108 55.1613
0.985855 0.593269 9510 55.2155
0.992666 0.5866 8472 54.5948
0.998881 0.562298 8832 52.333
1.00551 0.560142 8898 52.1323
1.01216 0.560036 10008 52.1225
1.01908 0.53289 9392 49.596
1.02599 0.535808 10206 49.8676
1.03271 0.535742 9528 49.8614
1.03948 0.520894 10236 48.4795
1.04641 0.523475 10398 48.7197
1.05346 0.505854 10784 47.0798
1.06036 0.494788 10584 46.0499
1.0676 0.494043 11346 45.9804
1.07471 0.479157 11400 44.5951
1.08175 0.472238 11016 43.9511
1.08895 0.47115 11870 43.8499
1.09637 0.467361 12516 43.4972
1.10369 0.459878 11880 42.8008
1.11092 0.451068 11886 41.9808
1.1181 0.446737 13104 41.5777
1.12573 0.442937 12764 41.2241
1.1332 0.430603 13446 40.0761
1.14081 0.430754 13464 40.0902
1.14829 0.410671 13398 38.221
1.15605 0.40477 14628 37.6718
1.16374 0.403894 14024 37.5904
1.1717 0.399348 15054 37.1673
1.17935 0.390509 14496 36.3446
1.18713 0.381271 15012 35.4848
1.195 0.379744 15422 35.3427
1.20281 0.367131 15624 34.1688
1.21088 0.373376 16146 34.7501
1.21904 0.359741 17064 33.481
1.22715 0.353794 16152 32.9276
1.23533 0.351338 17510 32.6989
1.24354 0.342388 17172 31.866
1.25174 0.339064 17880 31.5566
1.26013 0.334283 18030 31.1117
1.26845 0.329731 18680 30.688
1.27706 0.327492 19170 30.4796
1.28545 0.317432 18720 29.5434
1.29387 0.314147 19536 29.2376
1.3027 0.310753 20954 28.9217
1.31143 0.303243 20328 28.2227
1.3202 0.298311 20718 27.7637
1.32891 0.294975 21348 27.4532
1.33775 0.286652 21534 26.6786
1.34663 0.289872 22256 26.9783
1.35548 0.279896 22104 26.0499
1.3645 0.275144 23178 25.6076
1.37362 0.275108 23880 25.6043
1.38289 0.267877 24230 24.9312
1.39214 0.261826 24468 24.3681
1.40146 0.259216 25230 24.1251
1.41076 0.259423 25328 24.1444
1.42016 0.252228 25818 23.4748
1.42955 0.247601 26616 23.0442
1.43897 0.247491 26376 23.0339
1.44856 0.240463 28034 22.3798
1.45815 0.236074 27816 21.9714
1.46783 0.232424 28398 21.6317
1.47755 0.229559 29652 21.365
1.48753 0.228109 30134 21.2301
1.4975 0.22198 30792 20.6596
1.50759 0.219164 31218 20.3975
1.51744 0.215002 30912 20.0102
1.52762 0.210971 33158 19.6351
1.53782 0.209964 32772 19.5413
1.54798 0.20765 33150 19.3259
1.55817 0.203557 34256 18.945
1.56867 0.201928 35562 18.7934
1.579 0.198275 34992 18.4535
1.58955 0.191106 37158 17.7862
1.60018 0.188517 36956 17.5453
1.61084 0.184224 37950 17.1457
1.62148 0.183498 38496 17.0782
1.63242 0.180399 40274 16.7897
1.64322 0.176473 39264 16.4243
1.65411 0.174133 41466 16.2065
1.66512 0.171462 41960 15.9579
1.67627 0.168449 42702 15.6775
1.68736 0.168561 43356 15.688
1.69863 0.163347 44886 15.2027
1.70994 0.161307 45248 15.0128
1.72135 0.158638 46362 14.7644
1.73279 0.155675 46974 14.4886
1.74428 0.153908 48236 14.3242
1.75588 0.151517 48774 14.1017
1.76756 0.150261 50616 13.9848
1.77941 0.147583 51050 13.7355
1.79124 0.144371 52272 13.4366
1.80325 0.142232 53658 13.2375
1.81507 0.140899 52640 13.1135
1.82722 0.136536 57366 12.7074
1.83948 0.135952 55170 12.653
1.85166 0.133441 58544 12.4194
1.86408 0.131075 58506 12.1991
1.87633 0.128719 58968 11.9799
1.88886 0.127154 62366 11.8342
1.90144 0.124376 61266 11.5757
1.914 0.123709 63960 11.5136
1.92679 0.121689 64730 11.3255
1.93957 0.119581 66360 11.1293
1.95256 0.117804 67778 10.964
1.96563 0.11584 69558 10.7812
1.97869 0.114692 69660 10.6744
1.99179 0.112087 71390 10.4319
2.00509 0.110251 73974 10.2611
2.01846 0.107868 74196 10.0393
2.03193 0.105966 76622 9.86222
2.04528 0.104685 75516 9.74301
2.05892 0.102501 81510 9.53971
2.07279 0.101702 80138 9.46536
2.0865 0.100254 82368 9.33064
2.10039 0.098694 84098 9.18543
2.11443 0.0959463 86286 8.92971
2.12845 0.0957727 86700 8.91354
2.14263 0.0937324 90014 8.72365
2.15695 0.0920647 90930 8.56844
2.17119 0.0905912 91694 8.4313
2.18567 0.0887813 96228 8.26286
2.20036 0.0877296 97014 8.16497
2.21494 0.0856372 97370 7.97024
2.22958 0.0839205 100656 7.81046
2.24445 0.0830354 102530 7.72809
2.25936 0.0819958 104454 7.63133
2.27439 0.0806015 107196 7.50157
2.28969 0.0796716 110414 7.41502
2.30493 0.0783697 109578 7.29385
2.32027 0.0766196 114974 7.13097
2.33573 0.075598 114396 7.03589
2.35122 0.0742479 118190 6.91023
2.3669 0.0729845 120498 6.79265
2.38266 0.0718903 122718 6.69082
2.39847 0.0705953 124604 6.57029
2.41442 0.0695242 127950 6.47061
2.43055 0.06812 130826 6.33991
2.44673 0.0670693 132510 6.24213
2.4629 0.0660284 134180 6.14525
2.47932 0.0647934 140214 6.03031
2.4959 0.0637002 140018 5.92857
2.51254 0.0626888 145650 5.83443
2.52927 0.0617247 145350 5.7447
2.54604 0.0606629 150188 5.64588
2.56299 0.0599762 152214 5.58197
2.58009 0.0585761 157226 5.45167
2.5973 0.0577938 158118 5.37886
2.61455 0.0567266 162338 5.27954
2.63195 0.0557081 165378 5.18474
2.64948 0.0550192 169256 5.12062
2.66707 0.0545982 170682 5.08144
2.68485 0.0530692 177566 4.93914
2.70286 0.0523494 179610 4.87215
2.72085 0.0514255 182690 4.78616
2.73892 0.0506038 185694 4.70968
2.75712 0.0497722 190346 4.63229
2.77543 0.0489467 192852 4.55546
2.79389 0.0482702 198806 4.49249
2.81251 0.0473684 201378 4.40857
2.83127 0.0467497 207446 4.35099
2.85007 0.0456605 207258 4.24961
2.86897 0.044851 215762 4.17427
2.88818 0.0441603 219702 4.10999
2.90739 0.0434091 221522 4.04008
2.92669 0.0427193 227754 3.97587
2.94616 0.0421316 231710 3.92118
2.96573 0.0414514 235994 3.85787
2.98548 0.0407232 242346 3.7901
3.00539 0.0399373 246704 3.71696
3.02539 0.0393115 250410 3.65871
3.04557 0.0386954 258410 3.60137
3.06592 0.0379118 261414 3.52844
3.0863 0.037349 265874 3.47606
3.10684 0.0366217 273450 3.40838
3.12756 0.0360555 276974 3.35568
3.1484 0.0354924 284402 3.30327
3.16935 0.0349684 287754 3.2545
3.19042 0.0343599 295010 3.19787
3.21172 0.0336388 302142 3.13075
3.2331 0.0332273 304946 3.09246
3.25451 0.0326746 311642 3.04102
3.27615 0.0321458 319326 2.9918
3.2979 0.0316842 323618 2.94884
3.31984 0.0310659 333744 2.8913
3.34198 0.0305142 337970 2.83995
3.3643 0.0300151 348758 2.7935
3.38673 0.0295477 350346 2.75
3.40918 0.0291623 358778 2.71412
3.43196 0.0285806 370578 2.65999
3.45493 0.0279937 374258 2.60537
3.47788 0.0277176 380558 2.57967
3.50098 0.0272207 388434 2.53343
3.52428 0.0266006 398522 2.47571
3.54776 0.0261554 404042 2.43428
3.5713 0.0258505 412164 2.4059
3.59506 0.0253843 422258 2.36251
3.61902 0.0250005 430754 2.32679
3.64313 0.0245446 438906 2.28436
3.66736 0.0242288 446738 2.25497
3.69182 0.0238017 459098 2.21522
3.71639 0.0233447 463380 2.17268
3.7411 0.0229647 476138 2.13732
3.76602 0.0227323 484322 2.11569
3.7911 0.0222903 495738 2.07456
3.81637 0.021786 504266 2.02762
3.8418 0.0215603 515696 2.00662
3.8673 0.0212221 520974 1.97514
3.89298 0.0207878 536882 1.93471
3.91895 0.0205164 546818 1.90946
3.94503 0.02018 556178 1.87815
3.97125 0.0198547 567672 1.84788
3.99772 0.0194717 582314 1.81222
4.02443 0.019264 593138 1.7929
4.05121 0.0188945 600920 1.7585
4.07809 0.0185445 614274 1.72593
4.10526 0.018298 630050 1.70299
4.13259 0.018028 638678 1.67786
4.16008 0.0177985 653984 1.65651
4.18785 0.0174884 669618 1.62764
4.21573 0.0172488 676922 1.60534
4.24371 0.0169767 692552 1.58001
4.27197 0.0166782 709178 1.55223
4.30044 0.0164534 721416 1.53131
4.32905 0.016177 735698 1.50559
4.35788 0.0159426 752546 1.48378
4.38688 0.0157412 763760 1.46503
4.41605 0.0154842 782498 1.44111
4.44546 0.0152736 797178 1.42151
4.47509 0.015077 814976 1.40321
4.50493 0.0148365 831266 1.38083
4.53494 0.0145975 845696 1.35859
4.56506 0.014423 860234 1.34235
4.59545 0.014228 883928 1.32419
4.62609 0.0140116 898338 1.30405
4.65691 0.01383 917576 1.28716
4.68789 0.0136866 933194 1.27381
4.71906 0.0134769 952736 1.25429
4.75048 0.01334 974522 1.24155
4.78209 0.0131323 990032 1.22222
4.8139 0.0130155 1013438 1.21135
4.84595 0.0128455 1031168 1.19552
4.87821 0.0126828 1055610 1.18038
4.91071 0.0125449 1074440 1.16755
4.94338 0.0124473 1095146 1.15847
4.97629 0.0122803 1119584 1.14292
5.00945 0.0121469 1141922 1.13051
5.04276 0.0120306 1160216 1.11969
5.07626 0.0119149 1185992 1.10892
5.1101 0.0118053 1215422 1.09872
5.14418 0.0116823 1235072 1.08727
5.1784 0.0116124 1259024 1.08076
5.21287 0.0115503 1286210 1.07498
5.24757 0.0114103 1310960 1.06195
5.2825 0.0113526 1338056 1.05658
5.31768 0.0112983 1364966 1.05153
5.35308 0.0112181 1391768 1.04406
5.38871 0.0111234 1420448 1.03525
5.42459 0.0110802 1448858 1.03124
5.46071 0.0110236 1477952 1.02596
5.49705 0.0109516 1506308 1.01927
5.53363 0.0109474 1538144 1.01887
5.57046 0.0109136 1567562 1.01572
5.60749 0.0109265 1596704 1.01693
5.64482 0.0109031 1635572 1.01475
5.68244 0.0108941 1666520 1.01391
5.72029 0.0108674 1699304 1.01143
5.7584 0.0109202 1734278 1.01634
5.79671 0.0109394 1764392 1.01813
5.83528 0.010935 1804904 1.01772
5.87416 0.0109538 1841024 1.01947
5.91325 0.0110057 1873820 1.02429
5.95258 0.0110927 1913600 1.03239
5.99221 0.0111071 1952864 1.03374
6.03213 0.0112036 1994966 1.04272
6.07232 0.0113028 2032160 1.05195
6.11272 0.011413 2070124 1.06221
6.15341 0.0115483 2117456 1.0748
6.1944 0.0116453 2156600 1.08382
6.23563 0.0117691 2200316 1.09535
6.27716 0.0119055 2247272 1.10805
6.31895 0.0121224 2287460 1.12823
6.36099 0.0122684 2335424 1.14182
6.40334 0.0124361 2383216 1.15742
6.44597 0.0127046 2430548 1.18241
6.48883 0.0128997 2474288 1.20057
6.53202 0.0131754 2533724 1.22623
6.57553 0.0134364 2578544 1.25053
6.61931 0.0137328 2634154 1.27811
6.66339 0.0140461 2685200 1.30727
6.70776 0.0144165 2740268 1.34174
6.7524 0.014757 2791568 1.37344
6.79737 0.0151427 2854940 1.40933
6.84263 0.015568 2904208 1.44891
6.88816 0.0159959 2965964 1.48874
6.93399 0.0165432 3022550 1.53967
6.98015 0.0170924 3089068 1.59078
7.02663 0.0175611 3148604 1.63441
7.0734 0.01813 3210680 1.68736
7.12047 0.018823 3275210 1.75185
7.16789 0.019545 3346312 1.81905
7.21564 0.0202211 3408932 1.88197
7.26365 0.0209881 3475196 1.95336
7.312 0.0219525 3550342 2.04312
7.36069 0.0229052 3618788 2.13178
7.40968 0.0236813 3690872 2.20401
7.459 0.0250224 3765538 2.32883
7.50862 0.0259749 3838964 2.41748
7.5586 0.0270613 3920362 2.51859
7.60894 0.0286584 4000832 2.66723
7.65961 0.0297179 4077428 2.76584
7.7106 0.0316153 4160626 2.94243
7.76192 0.0329235 4243208 3.06419
7.81363 0.0348307 4335538 3.24169
7.86566 0.0365414 4413500 3.4009
7.91801 0.039062 4505450 3.63549
7.97072 0.0408243 4596040 3.79951
8.02376 0.0434835 4684418 4.047
8.07717 0.0456414 4784836 4.24784
8.13095 0.0492276 4877354 4.5816
8.18507 0.0513368 4975786 4.77791
8.23956 0.0552059 5078756 5.138
8.29442 0.0586656 5177662 5.46
8.34962 0.0617295 5280932 5.74515
8.40521 0.067447 5391274 6.27728
8.46119 0.0711009 5500906 6.61735
8.51752 0.0755219 5604530 7.0288
8.57417 0.0821415 5715700 7.64489
8.63126 0.0876807 5842058 8.16042
8.68876 0.0935921 5955226 8.7106
8.74657 0.0995558 6063770 9.26564
8.80479 0.109921 6202156 10.2303
8.86345 0.117149 6320530 10.9031
8.92244 0.125894 6442874 11.717
8.98183 0.134799 6578986 12.5458
9.04164 0.145145 6707818 13.5086
9.10181 0.155536 6838082 14.4757
9.1624 0.16973 6987316 15.7967
9.22341 0.183933 7117018 17.1186
9.28477 0.199055 7259306 18.526
9.34659 0.213221 7415650 19.8444
9.40883 0.230625 7558810 21.4643
9.47148 0.247715 7716338 23.0548
9.53453 0.267275 7860058 24.8752
9.59797 0.285107 8022286 26.5349
9.66188 0.308702 8191498 28.7308
9.72619 0.328433 8341402 30.5672
9.79093 0.354314 8524784 32.976
9.85612 0.383322 8686018 35.6757
9.92173 0.408333 8865142 38.0035
9.98778 0.430574 9040714 40.0735
10.0543 0.452089 9225754 42.0758
10.1212 0.477077 9409058 44.4015
10.1886 0.505617 9599212 47.0577
10.2564 0.538897 9792874 50.155
10.3247 0.552833 9989362 51.4521
10.3934 0.565073 10185502 52.5912
10.4626 0.603928 10394392 56.2074
10.5323 0.621078 10607554 57.8036
10.6024 0.615338 10813990 57.2694
10.6729 0.658434 11029240 61.2804
10.7439 0.364369 11191111 33.9117
10.8154 0.103043 11185948 9.59018
10.8874 0.060082 11191384 5.59182
10.9599 0.0460522 11166280 4.28607
11.0329 0.0403381 11162812 3.75426
11.1063 0.0380686 11148064 3.54303
11.1802 0.0375591 11122480 3.49562
11.2546 0.0380428 11104984 3.54064
11.3296 0.0394145 11085376 3.6683
11.405 0.0413757 11049712 3.85083
11.4809 0.0438488 11013328 4.081
11.5573 0.0468258 10970140 4.35806
11.6343 0.0505447 10943872 4.70419
11.7117 0.0546561 10885456 5.08683
11.7897 0.0594696 10833720 5.53482
11.8682 0.0649214 10777816 6.04222
11.9472 0.0714043 10724320 6.64558
12.0267 0.0782446 10657576 7.28221
12.1068 0.0863867 10579924 8.03999
12.1874 0.0954943 10508784 8.88764
12.2685 0.105511 10422700 9.81985
12.3502 0.117433 10345720 10.9295
12.4324 0.130449 10248148 12.1408
12.5151 0.145212 10144776 13.5149
12.5985 0.1625 10050904 15.1238
12.6823 0.18075 9924772 16.8223
12.7667 0.202249 9816636 18.8233
12.8517 0.226943 9692764 21.1216
12.9373 0.253619 9567688 23.6043
13.0234 0.283604 9424104 26.395
13.1101 0.318344 9278716 29.6282
13.1973 0.355493 9127788 33.0856
13.2852 0.399999 8968792 37.2278
13.3736 0.447575 8801068 41.6558
13.4626 0.502625 8626764 46.7792
13.5522 0.56137 8444740 52.2466
13.6424 0.627267 8248812 58.3796
13.7332 0.699705 8050900 65.1214
13.8247 0.779745 7840044 72.5707
13.9167 0.861333 7621816 80.1641
14.0093 0.954157 7391184 88.8032
14.1025 1.05203 7158996 97.9121
14.1964 1.13872 6904924 105.98
14.2909 1.23313 6649248 114.767
14.386 1.32241 6384676 123.076
14.4818 1.38321 6098844 128.735
14.5781 1.43797 5811012 133.832
14.6751 1.43275 5508112 133.346
14.7727 1.39081 5195916 129.443
14.8711 1.30635 4872228 121.581
14.97 1.0954 4531392 101.949
15.0695 0.781582 4181068 72.7417
15.1698 0.417491 3827115 38.8558
15.2709 0.315128 3511752 29.3289
15.3726 0.346497 3240696 32.2484
15.4749 0.400231 2990682 37.2494
15.5779 0.471258 2763190 43.8599
15.6816 0.557844 2544444 51.9185
15.786 0.663182 2340936 61.7222
15.8911 0.790326 2149530 73.5555
15.9968 0.944543 1967724 87.9084
16.1033 1.12947 1794918 105.12
16.2104 1.34815 1632468 125.472
16.3183 1.62151 1477728 150.913
16.4269 1.94672 1333008 181.181
16.5362 2.33786 1194306 217.585
16.6462 2.8087 1064754 261.405
16.757 3.37445 941964 314.059
16.8685 4.05291 826020 377.203
16.9806 4.87088 718284 453.332
17.0936 5.84239 619944 543.75
17.2072 6.96451 524820 648.186
17.3216 8.33255 441182 775.508
17.4366 9.90772 360702 922.11
17.5525 11.8312 292782 1101.12
17.6693 13.8585 228006 1289.8
17.7861 16.0183 171158 1490.82
17.9035 18.6682 124494 1737.44
18.0221 21.2277 84168 1975.66
18.1408 24.311 51006 2262.62
18.2586 27.2834 26360 2539.26
18.374 30.2761 9960 2817.79
18.4789 32.553 1561 3029.7
