0.000000000000000000e+00 0.000000000000000000e+00 1.000000000000000000e+00
2.966547016023049222e-05 1.154133229505600000e+13 2.600000000000000000e+01
5.419127478489826899e-05 4.277067154981242676e+12 9.600000000000000000e+01
7.352296279350412078e-05 2.342042271147601562e+12 1.280000000000000000e+02
9.389855742568236892e-05 1.337166285314908936e+12 2.580000000000000000e+02
1.158725991235069817e-04 7.934038521199672852e+11 4.160000000000000000e+02
1.366478460172924035e-04 5.081730490235827026e+11 4.880000000000000000e+02
1.565363249687504838e-04 3.776388829524398804e+11 6.900000000000000000e+02
1.778955720510566607e-04 2.667374861881826782e+11 9.440000000000000000e+02
1.990977003143960138e-04 1.997057656683432312e+11 1.116000000000000000e+03
2.195136083065773482e-04 1.621067380980902100e+11 1.350000000000000000e+03
2.401897563775092642e-04 1.261792088258563995e+11 1.640000000000000000e+03
2.614777619907888030e-04 1.027284692817888184e+11 2.012000000000000000e+03
2.828791348991739033e-04 8.642450449904312134e+10 2.342000000000000000e+03
3.035493481013598746e-04 7.000284096815098572e+10 2.520000000000000000e+03
3.241235762803953654e-04 5.934187210053673553e+10 3.044000000000000000e+03
3.452349808782958856e-04 5.256525695285960388e+10 3.402000000000000000e+03
3.663220373959401657e-04 4.235978797989385986e+10 3.908000000000000000e+03
3.870323335420426084e-04 3.757873917014565277e+10 4.164000000000000000e+03
4.079442765424508136e-04 3.427715228188723755e+10 4.850000000000000000e+03
4.290508288495219961e-04 2.998890343241024017e+10 5.278000000000000000e+03
4.499199264962810215e-04 2.625965603016440964e+10 5.738000000000000000e+03
4.706853420837009763e-04 2.429323979542260742e+10 6.328000000000000000e+03
4.917663743978291802e-04 2.156364508949368286e+10 7.038000000000000000e+03
5.127686723343992349e-04 1.995535826401982498e+10 7.412000000000000000e+03
5.337335542319532940e-04 1.801820852543093872e+10 8.330000000000000000e+03
5.549800201446776493e-04 1.625573167588766289e+10 8.874000000000000000e+03
5.759912130300024738e-04 1.483613110791395187e+10 9.566000000000000000e+03
5.967421699262660242e-04 1.385326868214806938e+10 9.906000000000000000e+03
6.175678115601301518e-04 1.313462015387336540e+10 1.109600000000000000e+04
6.383415719683501301e-04 1.197836407030813026e+10 1.137600000000000000e+04
6.593344981926793028e-04 1.126456033897606659e+10 1.272200000000000000e+04
6.803914028984011904e-04 1.042579117220141983e+10 1.320200000000000000e+04
7.014542198821641355e-04 9.726650403699472427e+09 1.425000000000000000e+04
7.224268553394682778e-04 9.156793384603713989e+09 1.487800000000000000e+04
7.433377686538733542e-04 8.772313033046293259e+09 1.585600000000000000e+04
7.643057570345914353e-04 8.029299633208085060e+09 1.670800000000000000e+04
7.850935419370501942e-04 7.771354369177758217e+09 1.747000000000000000e+04
8.060212137376749925e-04 7.183847856878770828e+09 1.871400000000000000e+04
8.270109035013945616e-04 6.721531911793750763e+09 1.961800000000000000e+04
8.478809236624057499e-04 6.351744623520575523e+09 2.043000000000000000e+04
8.688274482596475756e-04 6.124432414390313148e+09 2.175400000000000000e+04
8.898088481166329831e-04 5.802224542970387459e+09 2.265800000000000000e+04
9.108524687755773560e-04 5.535213189063509941e+09 2.397800000000000000e+04
9.318601638592801609e-04 5.284231959308901787e+09 2.485400000000000000e+04
9.528007574779614975e-04 4.892303388202067375e+09 2.602400000000000000e+04
9.736277382378045672e-04 4.649486886841372490e+09 2.680400000000000000e+04
9.944946999702632389e-04 4.492348826718637466e+09 2.852400000000000000e+04
1.015482989633682571e-03 4.314249480944747925e+09 2.942800000000000000e+04
1.036461902710500557e-03 4.020087020525568008e+09 3.101800000000000000e+04
1.057439497869204059e-03 3.884882918623204231e+09 3.183400000000000000e+04
1.078443002355871467e-03 3.744100108481123447e+09 3.375000000000000000e+04
1.099452363638649902e-03 3.532974870473554134e+09 3.444800000000000000e+04
1.120486208476862908e-03 3.425910294742105484e+09 3.637200000000000000e+04
1.141303192916390957e-03 3.292210331997458935e+09 3.654000000000000000e+04
1.162186681874016400e-03 3.139813577585665226e+09 3.914000000000000000e+04
1.183149620925968070e-03 3.003570162598815918e+09 3.983400000000000000e+04
1.203997363442231659e-03 2.886825478616254807e+09 4.135400000000000000e+04
1.224944994418043515e-03 2.729778870170253277e+09 4.321400000000000000e+04
1.245889918711711548e-03 2.615442808166190147e+09 4.425600000000000000e+04
1.266922621965076200e-03 2.489530084422173500e+09 4.647600000000000000e+04
1.287887052574165437e-03 2.412881971910492897e+09 4.724600000000000000e+04
1.308810967468131744e-03 2.358599277246409893e+09 4.912200000000000000e+04
1.329835386524824215e-03 2.201626828065440178e+09 5.109800000000000000e+04
1.350750192873838166e-03 2.129709060743427515e+09 5.163600000000000000e+04
1.371711424745301715e-03 2.071346946293799400e+09 5.462800000000000000e+04
1.392624036365390158e-03 1.967318038016021013e+09 5.472000000000000000e+04
1.413485876467941759e-03 1.920063756154335499e+09 5.752400000000000000e+04
1.434504920091316795e-03 1.848784337687839746e+09 5.916600000000000000e+04
1.455479173956697328e-03 1.753814514423384190e+09 6.061000000000000000e+04
1.476360066582646643e-03 1.703238861647650242e+09 6.220800000000000000e+04
1.497238293198690064e-03 1.650942256203623533e+09 6.403800000000000000e+04
1.518151436351234361e-03 1.559358092690542221e+09 6.588400000000000000e+04
1.539225064965316948e-03 1.520630538155349731e+09 6.897000000000000000e+04
1.560248804580790637e-03 1.470723136990980148e+09 6.916200000000000000e+04
1.581182494113146002e-03 1.410801048933746338e+09 7.207800000000000000e+04
1.602151900066207339e-03 1.369473418452035666e+09 7.331200000000000000e+04
1.623050404003984794e-03 1.305396085718922377e+09 7.529200000000000000e+04
1.643913830382842884e-03 1.252677633148040533e+09 7.717200000000000000e+04
1.664841698923051399e-03 1.222276387312307119e+09 7.932400000000000000e+04
1.685763907790326479e-03 1.212380647888577938e+09 8.137800000000000000e+04
1.706688757368782965e-03 1.130085675599349737e+09 8.339000000000000000e+04
1.727724992430916670e-03 1.098739549431864262e+09 8.624000000000000000e+04
1.748707814916582084e-03 1.075619562704473257e+09 8.733200000000000000e+04
1.769605465165582101e-03 1.029925133074635983e+09 8.936000000000000000e+04
1.790549613119530193e-03 9.866294369212419987e+08 9.240800000000000000e+04
1.811543500644504680e-03 9.730111516617347002e+08 9.379400000000000000e+04
1.832485551308853837e-03 9.519868463624161482e+08 9.642600000000000000e+04
1.853319488606598731e-03 9.187110462194622755e+08 9.719800000000000000e+04
1.874292282546716334e-03 8.851109354335756302e+08 1.019700000000000000e+05
1.895341291622483146e-03 8.411762076757071018e+08 1.027860000000000000e+05
1.916270427068929782e-03 8.315184865571519136e+08 1.049680000000000000e+05
1.937202914037521083e-03 7.845429541058930159e+08 1.077600000000000000e+05
1.958149652614909336e-03 7.657631842040554285e+08 1.096340000000000000e+05
1.979058784035020620e-03 7.517037794715069532e+08 1.119540000000000000e+05
1.999993474540890347e-03 7.136397885580691099e+08 1.148600000000000000e+05
2.020922110787634791e-03 6.954659960841523409e+08 1.164680000000000000e+05
2.041850748222624919e-03 6.865950233953502178e+08 1.198100000000000000e+05
2.062892259723775670e-03 6.403254632280114889e+08 1.226000000000000000e+05
2.083837585308887137e-03 6.366500334699784517e+08 1.238080000000000000e+05
2.104695197375418270e-03 6.160765878802125454e+08 1.265460000000000000e+05
2.125687115869021645e-03 6.009079978300331831e+08 1.301860000000000000e+05
2.146635125921985115e-03 5.790670696203907728e+08 1.314520000000000000e+05
2.167576534851236702e-03 5.614787250531064272e+08 1.350760000000000000e+05
2.188537900573890582e-03 5.348669236476750970e+08 1.369860000000000000e+05
2.209470176440963673e-03 5.299024691400860548e+08 1.399720000000000000e+05
2.230421037305644043e-03 5.126634919474365711e+08 1.422760000000000000e+05
2.251386027648449254e-03 5.007112502489915490e+08 1.460180000000000000e+05
2.272319819886492107e-03 4.872265238578583002e+08 1.468260000000000000e+05
2.293227522635792395e-03 4.750931099856377244e+08 1.512680000000000000e+05
2.314122960978284415e-03 4.647276222320077419e+08 1.520520000000000000e+05
2.335065946034262530e-03 4.471251564458722472e+08 1.574900000000000000e+05
2.356048445895948112e-03 4.295565932442730665e+08 1.585880000000000000e+05
2.377009828332220329e-03 4.219899888135067225e+08 1.622040000000000000e+05
2.397976401052556630e-03 4.128543037255364060e+08 1.649380000000000000e+05
2.418954157325603569e-03 3.961150781736261249e+08 1.679380000000000000e+05
2.439905991183916652e-03 3.860814766804037094e+08 1.704060000000000000e+05
2.460851374860760499e-03 3.843925250831962824e+08 1.736020000000000000e+05
2.481781295393546607e-03 3.765536239712334275e+08 1.760100000000000000e+05
2.502650413933086952e-03 3.548093919527258873e+08 1.788440000000000000e+05
2.523591626582233523e-03 3.453018233683373332e+08 1.827160000000000000e+05
2.544558463805404389e-03 3.399357535171481371e+08 1.857620000000000000e+05
2.565532067070480388e-03 3.342126683322877884e+08 1.886940000000000000e+05
2.586503041233372598e-03 3.208879177869391441e+08 1.920580000000000000e+05
2.607450880409729367e-03 3.146239976046602130e+08 1.945460000000000000e+05
2.628464482732199327e-03 3.076317201044530272e+08 1.993060000000000000e+05
2.649320156313930263e-03 2.987207316160379052e+08 1.981720000000000000e+05
2.670164066336059953e-03 2.921188121647713184e+08 2.050680000000000000e+05
2.691132520107587366e-03 2.819141728184846044e+08 2.071700000000000000e+05
2.712101461832686425e-03 2.756698913116598725e+08 2.115720000000000000e+05
2.733066501623578320e-03 2.684970626637693048e+08 2.134840000000000000e+05
2.753990483622856169e-03 2.615246686983563602e+08 2.174580000000000000e+05
2.774979431304217935e-03 2.564727144660182893e+08 2.212500000000000000e+05
2.795995700070591679e-03 2.539267111905044019e+08 2.249240000000000000e+05
2.816904271298328270e-03 2.402124672986390889e+08 2.257300000000000000e+05
2.837790049867310559e-03 2.335493922786196172e+08 2.306920000000000000e+05
2.858753194608672828e-03 2.279184991579988897e+08 2.348280000000000000e+05
2.879705102950846397e-03 2.228541192106931210e+08 2.368760000000000000e+05
2.900616066266185639e-03 2.141307687230591774e+08 2.411780000000000000e+05
2.921550576131295204e-03 2.145680329364009202e+08 2.439500000000000000e+05
2.942504689292785910e-03 2.142878724259176552e+08 2.488020000000000000e+05
2.963447957150189965e-03 2.027231633681034446e+08 2.511200000000000000e+05
2.984364966659551650e-03 1.975587128684791028e+08 2.546280000000000000e+05
3.005322098225685339e-03 1.962019291538330615e+08 2.598680000000000000e+05
3.026287417299484365e-03 1.871704096635097563e+08 2.614840000000000000e+05
3.047254626029334383e-03 1.867454887677675486e+08 2.676900000000000000e+05
3.068223221635749381e-03 1.769936055954812467e+08 2.686860000000000000e+05
3.089160096736553313e-03 1.775975854891848862e+08 2.740100000000000000e+05
3.110118452408271693e-03 1.727436006533516645e+08 2.770260000000000000e+05
3.131101157249004466e-03 1.678111014729830921e+08 2.818260000000000000e+05
3.152012107737241914e-03 1.672782384644984901e+08 2.829960000000000000e+05
3.172901328297306114e-03 1.648904753512807786e+08 2.883560000000000000e+05
3.193813538822268261e-03 1.538269929682642221e+08 2.913460000000000000e+05
3.214800502530194403e-03 1.528783794423739910e+08 2.982600000000000000e+05
3.235793302476244835e-03 1.480169890846639276e+08 2.990520000000000000e+05
3.256696732262139276e-03 1.455333390851326585e+08 3.037380000000000000e+05
3.277615792439744248e-03 1.454832620081200302e+08 3.069620000000000000e+05
3.298528834693501607e-03 1.424698223930214345e+08 3.116520000000000000e+05
3.319504985833824327e-03 1.408573937837767601e+08 3.167800000000000000e+05
3.340473107414497489e-03 1.340814488135757893e+08 3.191460000000000000e+05
3.361372050816498203e-03 1.330563121928303242e+08 3.229880000000000000e+05
3.382344779781507396e-03 1.286270384801712930e+08 3.290040000000000000e+05
3.403324916305406657e-03 1.291485093598691821e+08 3.320080000000000000e+05
3.424255332119448009e-03 1.199961739696142673e+08 3.352720000000000000e+05
3.445207728865935532e-03 1.180057227983400673e+08 3.407300000000000000e+05
3.466168487889234595e-03 1.216362902612897903e+08 3.443120000000000000e+05
3.487106416179204613e-03 1.158907766400793642e+08 3.477240000000000000e+05
3.508026612012424706e-03 1.161276000651375651e+08 3.527900000000000000e+05
3.528938131544482899e-03 1.123649745999091566e+08 3.551460000000000000e+05
3.549886480972501337e-03 1.084702721080095470e+08 3.626560000000000000e+05
3.570874151960292363e-03 1.092170415137200803e+08 3.654560000000000000e+05
3.591830053669282409e-03 1.045526280295361876e+08 3.695780000000000000e+05
3.612751942127294565e-03 1.030576775705995709e+08 3.734660000000000000e+05
3.633695287620703016e-03 1.007730266021778584e+08 3.782100000000000000e+05
3.654640656380759439e-03 9.720728881263683736e+07 3.831580000000000000e+05
3.675610751456185200e-03 9.429404399000841379e+07 3.874660000000000000e+05
3.696548704162959734e-03 9.429590638228830695e+07 3.905200000000000000e+05
3.717424036417998380e-03 8.995584163408564031e+07 3.945120000000000000e+05
3.738345997700743325e-03 9.079863691526757181e+07 4.005780000000000000e+05
3.759313376606930775e-03 9.081746983192384243e+07 4.059380000000000000e+05
3.780301687649433723e-03 8.484360717125974596e+07 4.098140000000000000e+05
3.801216422977883244e-03 8.609787554898037016e+07 4.123620000000000000e+05
3.822140407537945143e-03 8.105985777673719823e+07 4.194100000000000000e+05
3.843150642483481386e-03 8.291871949289274216e+07 4.247280000000000000e+05
3.864100309678084478e-03 8.037120147912845016e+07 4.265580000000000000e+05
3.885037448634693670e-03 8.023075387172143161e+07 4.331960000000000000e+05
3.905992546688218190e-03 7.642471312934933603e+07 4.366480000000000000e+05
3.926968889495974571e-03 7.386567274814471602e+07 4.438480000000000000e+05
3.947919912764940274e-03 7.570361976968309283e+07 4.444500000000000000e+05
3.968809095191870237e-03 7.343650307460516691e+07 4.511780000000000000e+05
3.989707591929131034e-03 7.111115849914950132e+07 4.539680000000000000e+05
4.010672832955066748e-03 7.012694343802188337e+07 4.638300000000000000e+05
4.031639383660075987e-03 6.907045495300327241e+07 4.636500000000000000e+05
4.052568136510180212e-03 6.867771366652631760e+07 4.716760000000000000e+05
4.073526038593747178e-03 6.536700783278151602e+07 4.750940000000000000e+05
4.094489398659429888e-03 6.443970927575353533e+07 4.809620000000000000e+05
4.115445453160421208e-03 6.434028979791755974e+07 4.855700000000000000e+05
4.136358162412105167e-03 6.516967488053991646e+07 4.881840000000000000e+05
4.157271722718521023e-03 6.286512237567909807e+07 4.955520000000000000e+05
4.178226448857211110e-03 6.127817198785381764e+07 5.002980000000000000e+05
4.199180132835248283e-03 5.916790984706476331e+07 5.052500000000000000e+05
4.220122271474228276e-03 6.029478472834572196e+07 5.104780000000000000e+05
4.241058615773919509e-03 5.774038050303065777e+07 5.140660000000000000e+05
4.262016527872686950e-03 5.699243062303284556e+07 5.225060000000000000e+05
4.282957108014494481e-03 5.480153614868693054e+07 5.232600000000000000e+05
4.303920606016589483e-03 5.269651593579553068e+07 5.338900000000000000e+05
4.324900711072319527e-03 5.303056542140485346e+07 5.346180000000000000e+05
4.345819868260085254e-03 5.034498744220329076e+07 5.405880000000000000e+05
4.366741355105016945e-03 5.347188445074215531e+07 5.460140000000000000e+05
4.387687576206064123e-03 5.033877578506473452e+07 5.516580000000000000e+05
4.408641252392609886e-03 4.803834082669408619e+07 5.572260000000000000e+05
4.429571596276063450e-03 4.699560414652954042e+07 5.608360000000000000e+05
4.450498500189372340e-03 5.008812509994236380e+07 5.678360000000000000e+05
4.471485341863776740e-03 4.964863828820089251e+07 5.749780000000000000e+05
4.492441410558204416e-03 4.799028587400827557e+07 5.763060000000000000e+05
4.513343365306714088e-03 4.590818014582962543e+07 5.831660000000000000e+05
4.534281153104992475e-03 4.584442616029973328e+07 5.893300000000000000e+05
4.555228142645097698e-03 4.356888811778901517e+07 5.938900000000000000e+05
4.576187639323749112e-03 4.351100236067794263e+07 6.016200000000000000e+05
4.597128030531173748e-03 4.520037068666204810e+07 6.033700000000000000e+05
4.618035650780973750e-03 4.269637916906102747e+07 6.110180000000000000e+05
4.638999328291089179e-03 4.170939375892114639e+07 6.175840000000000000e+05
4.659954510042933241e-03 4.106976402063775063e+07 6.215220000000000000e+05
4.680898882661307069e-03 4.024525583892939240e+07 6.287140000000000000e+05
4.701854800139268313e-03 3.921467285990317911e+07 6.324560000000000000e+05
4.722798299773690520e-03 3.701278122222647816e+07 6.403260000000000000e+05
4.743740579222889032e-03 3.929714739487092942e+07 6.429160000000000000e+05
4.764671430826451608e-03 3.634071533899518102e+07 6.514900000000000000e+05
4.785630000033127933e-03 3.742008014852134138e+07 6.558780000000000000e+05
4.806598069599005846e-03 3.622472843497574329e+07 6.632740000000000000e+05
4.827520819925074091e-03 3.719294820855243504e+07 6.654180000000000000e+05
4.848450178391465470e-03 3.541457110282543302e+07 6.743220000000000000e+05
4.869408503203899105e-03 3.652015597093157470e+07 6.796140000000000000e+05
4.890380914734916880e-03 3.414066271077625453e+07 6.862820000000000000e+05
4.911321585953588344e-03 3.495548335845916718e+07 6.897760000000000000e+05
4.932241071478910867e-03 3.219082937121072412e+07 6.968880000000000000e+05
4.953190501765598365e-03 3.319809492180160806e+07 7.027380000000000000e+05
4.974121761082719168e-03 2.928535553724727035e+07 7.083380000000000000e+05
4.995019003930593546e-03 3.251800306283552945e+07 7.120920000000000000e+05
5.015957276489464711e-03 3.171193664504376054e+07 7.230740000000000000e+05
5.036924478070266449e-03 3.092802988671861589e+07 7.260280000000000000e+05
5.057877000379992598e-03 3.045588006567007303e+07 7.339940000000000000e+05
5.078837573861229478e-03 2.943317629814434424e+07 7.393740000000000000e+05
5.099803304237073877e-03 3.023508165930600092e+07 7.460900000000000000e+05
5.120772839316486101e-03 3.042282422454598919e+07 7.520180000000000000e+05
5.141715166207226628e-03 2.855314113499990106e+07 7.564860000000000000e+05
5.162623510308616409e-03 2.941615151852782071e+07 7.616660000000000000e+05
5.183578866044248785e-03 2.732810585655871034e+07 7.728580000000000000e+05
5.204526277597153715e-03 2.798334537171635032e+07 7.728260000000000000e+05
5.225432892487220753e-03 2.625134773372048140e+07 7.826460000000000000e+05
5.246381252225634090e-03 2.550814815173687786e+07 7.885780000000000000e+05
5.267351408156492956e-03 2.801222677891658247e+07 7.964900000000000000e+05
5.288292804304761674e-03 2.581919063769782707e+07 7.996520000000000000e+05
5.309203013744335717e-03 2.534173821200090647e+07 8.060180000000000000e+05
5.330163024375439776e-03 2.363968187242818251e+07 8.170740000000000000e+05
5.351148492684165182e-03 2.463633027930615097e+07 8.200040000000000000e+05
5.372069804439618367e-03 2.470138904525857791e+07 8.256460000000000000e+05
5.392998247667225679e-03 2.586831493358340114e+07 8.331220000000000000e+05
5.413951736963958788e-03 2.336986658885781467e+07 8.400500000000000000e+05
5.434890416730552357e-03 2.323722750120304525e+07 8.458920000000000000e+05
5.455836937598190425e-03 2.351931034183017164e+07 8.528680000000000000e+05
5.476773563924624763e-03 2.118753379002361372e+07 8.591060000000000000e+05
5.497703248326882113e-03 2.197917681636078283e+07 8.643500000000000000e+05
5.518652061045208577e-03 2.269855316483977437e+07 8.746660000000000000e+05
5.539607922118034052e-03 2.055572801343294233e+07 8.779860000000000000e+05
5.560574844575168034e-03 2.035699842795175686e+07 8.886260000000000000e+05
5.581519275973697083e-03 2.133028760170046985e+07 8.899740000000000000e+05
5.602425265285189936e-03 2.007107950184760615e+07 8.980880000000000000e+05
5.623383351546370167e-03 1.956027142587469518e+07 9.085540000000000000e+05
5.644373191424221364e-03 2.046214149513897672e+07 9.140540000000000000e+05
5.665288316907858557e-03 1.906749491712513939e+07 9.152280000000000000e+05
5.686221591163983201e-03 1.805896426304232702e+07 9.298260000000000000e+05
5.707184821479444926e-03 1.955192183068721369e+07 9.311460000000000000e+05
5.728134188723717386e-03 2.003152790973108634e+07 9.426360000000000000e+05
5.749088571545068506e-03 1.678907700309095532e+07 9.451140000000000000e+05
5.770005745514510294e-03 1.711866846108209714e+07 9.527320000000000000e+05
5.790959226569722222e-03 1.786586406948706880e+07 9.631820000000000000e+05
5.811894835529232348e-03 1.765601621301730350e+07 9.639540000000000000e+05
5.832824970741895196e-03 1.801788633331751078e+07 9.774260000000000000e+05
5.853784985935771290e-03 1.657114606189947762e+07 9.803900000000000000e+05
5.874720961160064675e-03 1.652238782672476582e+07 9.888660000000000000e+05
5.895662134299190990e-03 1.695817041893845424e+07 9.958500000000000000e+05
5.916600629045295177e-03 1.595425555470215529e+07 1.001722000000000000e+06
5.937555451052196204e-03 1.712722631789999828e+07 1.012572000000000000e+06
5.958502282595038585e-03 1.571786116932726093e+07 1.014340000000000000e+06
5.979450310435244220e-03 1.527779596955263987e+07 1.027810000000000000e+06
6.000386289893909139e-03 1.589761024887336604e+07 1.027342000000000000e+06
6.021316521619196269e-03 1.424010308369970508e+07 1.040824000000000000e+06
6.042248222996981187e-03 1.566235102551434375e+07 1.043012000000000000e+06
6.063191808203589016e-03 1.557215746452955902e+07 1.055506000000000000e+06
6.084156014741207673e-03 1.525327176225138828e+07 1.060694000000000000e+06
6.105098031896988298e-03 1.578348433788217418e+07 1.067122000000000000e+06
6.126045096320165487e-03 1.483141302990985289e+07 1.075762000000000000e+06
6.147012740620710035e-03 1.407462533900999278e+07 1.084606000000000000e+06
6.167959436111305691e-03 1.474111099148553051e+07 1.088162000000000000e+06
6.188894491932587019e-03 1.352090042001608945e+07 1.097898000000000000e+06
6.209841327112627582e-03 1.478173679791339114e+07 1.104138000000000000e+06
6.230780779989405528e-03 1.336480266712744720e+07 1.112582000000000000e+06
6.251728852262752358e-03 1.340697139297952503e+07 1.120042000000000000e+06
6.272672237590436878e-03 1.191127843125113100e+07 1.126258000000000000e+06
6.293606531353737252e-03 1.231633009610717371e+07 1.134620000000000000e+06
6.314525842076099474e-03 1.292688613101903163e+07 1.139818000000000000e+06
6.335480427082902134e-03 1.290720141052984819e+07 1.153700000000000000e+06
6.356446024588109298e-03 1.152785814699807018e+07 1.155926000000000000e+06
6.377367140193187893e-03 1.213568388506497070e+07 1.163874000000000000e+06
6.398313565908670709e-03 1.202536334804819338e+07 1.174882000000000000e+06
6.419260121280221526e-03 1.327865179819909297e+07 1.178282000000000000e+06
6.440218587345369547e-03 1.240770227695998922e+07 1.192332000000000000e+06
6.461158775814396064e-03 1.301936815429439023e+07 1.191242000000000000e+06
6.482075493038591193e-03 1.138355710673083924e+07 1.205140000000000000e+06
6.503021599461181537e-03 1.167399576543153264e+07 1.210806000000000000e+06
6.523983342755540656e-03 1.051945635363489017e+07 1.221506000000000000e+06
6.544934890755176732e-03 1.064194110772091709e+07 1.226362000000000000e+06
6.565871171090307754e-03 1.163140926286429912e+07 1.234482000000000000e+06
6.586833468300840218e-03 1.083643057993384078e+07 1.245910000000000000e+06
6.607797806640947937e-03 1.036428219489301182e+07 1.250240000000000000e+06
6.628727319026261194e-03 1.041762436463357322e+07 1.257554000000000000e+06
6.649661195173045547e-03 9.883999755575014278e+06 1.267192000000000000e+06
6.670604474610463894e-03 1.045206941318167001e+07 1.273586000000000000e+06
6.691533941440819776e-03 1.015528057934182324e+07 1.282714000000000000e+06
6.712465110591878462e-03 1.006851626966012828e+07 1.289062000000000000e+06
6.733402927879838379e-03 8.818691189543895423e+06 1.299768000000000000e+06
6.754377693055123484e-03 9.244182114351600409e+06 1.309778000000000000e+06
6.775342499181890438e-03 1.067788024842626043e+07 1.314924000000000000e+06
6.796254657177060871e-03 9.790250617738626897e+06 1.319702000000000000e+06
6.817187776562244790e-03 9.748943040768619627e+06 1.333208000000000000e+06
6.838151923094192876e-03 8.484049400531455874e+06 1.340212000000000000e+06
6.859103286713035333e-03 9.527866346251733601e+06 1.348454000000000000e+06
6.880052783898826275e-03 8.528700754570741206e+06 1.356042000000000000e+06
6.901007347581009782e-03 9.548403184132859111e+06 1.365818000000000000e+06
6.921969877109315772e-03 9.087104677006486803e+06 1.373154000000000000e+06
6.942887545347252616e-03 8.688412324418202043e+06 1.377196000000000000e+06
6.963785823996730337e-03 9.899036700346866623e+06 1.387268000000000000e+06
6.984754600336452561e-03 8.075590813102342188e+06 1.402330000000000000e+06
7.005695100548091706e-03 9.457365430385081097e+06 1.401214000000000000e+06
7.026622940060659253e-03 8.798349630502790213e+06 1.416810000000000000e+06
7.047573703016726983e-03 8.205797181194230914e+06 1.422122000000000000e+06
7.068510180821678882e-03 7.734369687194528989e+06 1.430634000000000000e+06
7.089459553652813044e-03 7.793262052607676014e+06 1.441006000000000000e+06
7.110410504685391736e-03 8.195620159194312058e+06 1.448832000000000000e+06
7.131375137393774002e-03 7.950008000209120102e+06 1.458732000000000000e+06
7.152328933453326251e-03 7.938271168804582208e+06 1.465678000000000000e+06
7.173251613590963041e-03 8.513794161565372720e+06 1.470370000000000000e+06
7.194203212912279530e-03 8.943602152023939416e+06 1.487866000000000000e+06
7.215157841321821926e-03 7.239385103891732171e+06 1.487870000000000000e+06
7.236108141261602018e-03 8.182949757265276276e+06 1.503962000000000000e+06
7.257048666689974378e-03 7.577961304856503382e+06 1.504850000000000000e+06
7.277960787602941184e-03 8.386706771798984148e+06 1.516066000000000000e+06
7.298904195271708681e-03 8.004756498558194377e+06 1.528222000000000000e+06
7.319871598940557236e-03 7.246432327758660540e+06 1.536026000000000000e+06
7.340813612849602515e-03 7.116324821625646204e+06 1.542330000000000000e+06
7.361742379966780374e-03 7.111651594110401347e+06 1.551846000000000000e+06
7.382683337923755078e-03 6.794877050178481266e+06 1.561504000000000000e+06
7.403644198201568029e-03 7.036400135421170853e+06 1.573074000000000000e+06
7.424582991544486157e-03 7.334532518202266656e+06 1.575546000000000000e+06
7.445529605290209657e-03 6.431546802615341730e+06 1.592096000000000000e+06
7.466481542023457874e-03 6.593629085824250244e+06 1.594450000000000000e+06
7.487417858727503719e-03 6.350236726749857888e+06 1.607282000000000000e+06
7.508358534842077443e-03 6.158833074304850772e+06 1.613718000000000000e+06
7.529281078305200513e-03 6.460257235011585988e+06 1.621618000000000000e+06
7.550232514422407053e-03 5.672728054426105693e+06 1.636714000000000000e+06
7.571170630036476445e-03 6.313182857264759019e+06 1.638078000000000000e+06
7.592116318725157693e-03 5.715602700869292021e+06 1.655090000000000000e+06
7.613077203628958525e-03 5.783895521202480420e+06 1.659706000000000000e+06
7.634011257516152942e-03 6.078603648221409880e+06 1.668002000000000000e+06
7.654973111713371005e-03 5.396402364277648740e+06 1.683910000000000000e+06
7.675911437617626704e-03 5.368173228065065108e+06 1.681432000000000000e+06
7.696841098506215610e-03 6.103803715287496336e+06 1.701434000000000000e+06
7.717798893418999912e-03 5.570278665183575824e+06 1.704454000000000000e+06
7.738762486991400055e-03 6.074750097059012391e+06 1.720330000000000000e+06
7.759712252735236591e-03 5.790780191139820963e+06 1.722076000000000000e+06
7.780626973772562273e-03 5.597148321817786433e+06 1.731610000000000000e+06
7.801564151514805458e-03 5.970647567975466140e+06 1.745606000000000000e+06
7.822528896693948727e-03 5.212412153937113471e+06 1.754440000000000000e+06
7.843486861125832307e-03 5.022629035779183730e+06 1.763148000000000000e+06
7.864428165107073543e-03 5.490200490910871886e+06 1.771182000000000000e+06
7.885344063475309070e-03 5.595190041827950627e+06 1.776490000000000000e+06
7.906293793786002208e-03 5.329192552740827203e+06 1.797170000000000000e+06
7.927252264594475753e-03 4.714609820020313375e+06 1.796022000000000000e+06
7.948181191653037533e-03 5.043452854485061020e+06 1.811602000000000000e+06
7.969123416133441773e-03 3.784400418753123377e+06 1.817522000000000000e+06
7.990049045727176322e-03 5.293679453202836215e+06 1.826640000000000000e+06
8.010985758534407142e-03 5.134621695877774619e+06 1.840112000000000000e+06
8.031951089543826194e-03 4.836747520747907460e+06 1.850280000000000000e+06
8.052912656648330073e-03 4.466920442688278854e+06 1.858716000000000000e+06
8.073879462498162116e-03 4.709065234518659301e+06 1.870668000000000000e+06
8.094817154052342742e-03 4.422728102476587519e+06 1.872580000000000000e+06
8.115739037859221253e-03 4.813313998385339975e+06 1.888154000000000000e+06
8.136680281278783552e-03 4.960833000704119913e+06 1.894416000000000000e+06
8.157642102452917349e-03 4.600300451198538765e+06 1.911736000000000000e+06
8.178579019049374982e-03 3.704984933150223922e+06 1.910298000000000000e+06
8.199510340422665883e-03 4.764213377516211011e+06 1.929098000000000000e+06
8.220466981858976993e-03 4.379787096286254004e+06 1.935862000000000000e+06
8.241409546366222985e-03 4.486575808422910981e+06 1.944570000000000000e+06
8.262329895134375157e-03 4.298393127318387851e+06 1.953184000000000000e+06
8.283274531472860705e-03 4.719824098424655385e+06 1.968266000000000000e+06
8.304243732694425312e-03 4.211949387492062524e+06 1.977462000000000000e+06
8.325172084878356554e-03 4.752674151286382228e+06 1.980932000000000000e+06
8.346110977185398905e-03 3.872201906419714447e+06 1.998474000000000000e+06
8.367063873327407891e-03 3.703891911194587126e+06 2.005446000000000000e+06
8.388004618475481886e-03 4.530619092842988670e+06 2.014266000000000000e+06
8.408965504008502484e-03 4.085396783878933638e+06 2.030650000000000000e+06
8.429908993488458013e-03 3.519376920179632027e+06 2.030774000000000000e+06
8.450841337145178697e-03 3.967232948344724253e+06 2.048722000000000000e+06
8.471798743828248129e-03 3.871865339083717205e+06 2.056106000000000000e+06
8.492749771888364815e-03 3.650213307190304622e+06 2.067218000000000000e+06
8.513671635141271607e-03 3.744635582249391358e+06 2.071678000000000000e+06
8.534592157513546176e-03 3.233270969145388342e+06 2.086386000000000000e+06
8.555562581404392575e-03 2.577922108459929936e+06 2.102840000000000000e+06
8.576520646810222373e-03 3.408983788742133416e+06 2.104270000000000000e+06
8.597448065562549036e-03 3.553027574111252557e+06 2.116892000000000000e+06
8.618403235739703974e-03 3.399339095294776373e+06 2.131000000000000000e+06
8.639352720922553741e-03 3.633011304564044345e+06 2.135924000000000000e+06
8.660285069356361137e-03 3.277236560161316302e+06 2.148804000000000000e+06
8.681205223995314482e-03 3.639635355612414423e+06 2.154268000000000000e+06
8.702158425108942608e-03 3.511504079763194080e+06 2.175194000000000000e+06
8.723117173314601236e-03 3.759764388478523120e+06 2.177926000000000000e+06
8.744034676417435439e-03 3.337275529449080117e+06 2.186538000000000000e+06
8.764979598380113687e-03 2.998457704096853267e+06 2.205194000000000000e+06
8.785932290615883558e-03 2.965282290005724877e+06 2.208550000000000000e+06
8.806871497174174196e-03 3.150227990699872375e+06 2.223482000000000000e+06
8.827818353898213982e-03 3.456235604513776023e+06 2.232786000000000000e+06
8.848780708483971677e-03 3.132194079458783846e+06 2.245720000000000000e+06
8.869734148017290043e-03 2.732845711567227729e+06 2.253774000000000000e+06
8.890665565399122339e-03 3.395736780523015652e+06 2.261258000000000000e+06
8.911620780301367228e-03 3.702694359437650070e+06 2.281412000000000000e+06
8.932585956974154265e-03 3.144866409125005361e+06 2.284316000000000000e+06
8.953533078438893900e-03 3.007437975318155251e+06 2.297788000000000000e+06
8.974470445141555577e-03 2.794262094628176652e+06 2.305698000000000000e+06
8.995400632408384958e-03 2.954946530567181762e+06 2.316138000000000000e+06
9.016319280554532800e-03 2.222944849554874934e+06 2.325814000000000000e+06
9.037253920177783229e-03 3.050673006713555194e+06 2.340042000000000000e+06
9.058201535340669464e-03 2.880145601767380722e+06 2.351186000000000000e+06
9.079154238139635485e-03 2.513233883686479647e+06 2.363414000000000000e+06
9.100131819131006966e-03 3.197709122361490969e+06 2.377410000000000000e+06
9.121064865455797213e-03 3.267264935970034916e+06 2.376306000000000000e+06
9.141981233745502533e-03 2.481713299450762104e+06 2.394608000000000000e+06
9.162941393257252251e-03 2.234554947202880867e+06 2.408926000000000000e+06
9.183881219560940251e-03 2.510780780755999964e+06 2.411756000000000000e+06
9.204824342633543405e-03 2.218097549151988234e+06 2.431120000000000000e+06
9.225777682404880109e-03 2.739169801081635524e+06 2.437312000000000000e+06
9.246722633724927323e-03 2.175475741219197866e+06 2.450328000000000000e+06
9.267663983415212747e-03 2.406733474825378042e+06 2.459196000000000000e+06
9.288593044584242051e-03 2.267298685608509462e+06 2.469910000000000000e+06
9.309529692482654967e-03 2.469509426020353567e+06 2.481922000000000000e+06
9.330483363834749314e-03 2.320342518410640769e+06 2.498194000000000000e+06
9.351439740104288204e-03 1.953480704157975269e+06 2.503298000000000000e+06
9.372388599119116023e-03 2.717277573093914893e+06 2.520374000000000000e+06
9.393301968195480120e-03 2.349788953160760924e+06 2.516170000000000000e+06
9.414235834829864924e-03 2.046893250970771071e+06 2.547408000000000000e+06
9.435212106359593121e-03 2.308549331486052368e+06 2.550832000000000000e+06
9.456163628275575730e-03 2.503476954724643379e+06 2.562104000000000000e+06
9.477103894004685128e-03 1.940099209533842281e+06 2.572700000000000000e+06
9.498052928690409180e-03 2.479328500345870852e+06 2.584858000000000000e+06
9.518996337879167408e-03 2.422336569649023004e+06 2.595756000000000000e+06
9.539931079276701281e-03 2.417940896860236302e+06 2.605620000000000000e+06
9.560880919817041010e-03 2.387569959750373848e+06 2.620648000000000000e+06
9.581832173066004432e-03 1.769655845507748192e+06 2.630984000000000000e+06
9.602776172309554145e-03 1.686621757317567943e+06 2.640290000000000000e+06
9.623715027609339862e-03 1.853352401160981273e+06 2.654362000000000000e+06
9.644649894599970422e-03 2.200690142464249395e+06 2.660726000000000000e+06
9.665582071407231510e-03 2.270307142999453936e+06 2.677114000000000000e+06
9.686517449193469270e-03 1.450005627171332017e+06 2.685762000000000000e+06
9.707473117854586650e-03 2.234696608329896349e+06 2.704274000000000000e+06
9.728424492467507151e-03 2.298046760271651670e+06 2.709196000000000000e+06
9.749369801231063185e-03 2.076139705940572545e+06 2.724820000000000000e+06
9.770324780499195158e-03 2.109982480607472360e+06 2.736208000000000000e+06
9.791264363435981874e-03 1.542546583799435291e+06 2.743768000000000000e+06
9.812205066557784516e-03 1.836640687747175107e+06 2.759730000000000000e+06
9.833160931073609348e-03 1.865762367541319691e+06 2.771952000000000000e+06
9.854097235485376888e-03 1.488055697239557048e+06 2.777268000000000000e+06
9.875037999319194806e-03 1.796366773264842806e+06 2.797782000000000000e+06
9.895989367209959489e-03 2.169725345715099946e+06 2.803642000000000000e+06
9.916927245804646462e-03 2.153399153303599916e+06 2.816794000000000000e+06
9.937869380779206993e-03 2.075844114696107572e+06 2.830062000000000000e+06
9.958826481688226248e-03 2.051698405114630470e+06 2.843378000000000000e+06
9.979774868813932540e-03 2.021456122060554568e+06 2.853154000000000000e+06
1.000069821143680093e-02 1.574595933888708008e+06 2.859412000000000000e+06
1.002162272426048405e-02 2.013984915388058173e+06 2.876980000000000000e+06
1.004256722830361090e-02 2.032588436635133810e+06 2.890392000000000000e+06
1.006351224970695318e-02 1.715652408799454803e+06 2.899476000000000000e+06
1.008446063218807962e-02 1.846399163901903434e+06 2.917726000000000000e+06
1.010541581371072160e-02 1.447645493204345228e+06 2.922866000000000000e+06
1.012636580884461457e-02 1.754368174335504416e+06 2.942762000000000000e+06
1.014732102857123473e-02 1.603406748018956278e+06 2.948244000000000000e+06
1.016825766198237169e-02 2.193612557335049845e+06 2.960844000000000000e+06
1.018918905674288770e-02 1.117993044072663411e+06 2.972272000000000000e+06
1.021013947687613235e-02 1.745815001342049567e+06 2.989284000000000000e+06
1.023108361089690790e-02 1.570322536776445108e+06 2.997166000000000000e+06
1.025204062939684586e-02 1.757507021545844153e+06 3.015898000000000000e+06
1.027298221161072195e-02 1.472535346168924589e+06 3.017474000000000000e+06
1.029391941887124878e-02 1.395956576086064335e+06 3.040014000000000000e+06
1.031486555176150399e-02 1.534933834061432164e+06 3.043856000000000000e+06
1.033581475106024050e-02 1.375532890288674273e+06 3.066500000000000000e+06
1.035676447297369587e-02 1.415624391835015500e+06 3.068136000000000000e+06
1.037770158394408018e-02 1.162632780905408086e+06 3.088024000000000000e+06
1.039863640906126679e-02 1.897271601504475577e+06 3.092690000000000000e+06
1.041958100057027194e-02 1.541985732661837246e+06 3.115154000000000000e+06
1.044053342563799371e-02 1.497449114043968730e+06 3.120446000000000000e+06
1.046146653361525874e-02 1.873947978428485105e+06 3.134098000000000000e+06
1.048241525249252702e-02 1.033080080932835932e+06 3.150914000000000000e+06
1.050334874905482253e-02 1.746881333662239602e+06 3.154270000000000000e+06
1.052428159857683905e-02 1.530523123915013857e+06 3.175378000000000000e+06
1.054523485558974544e-02 1.331087067149944138e+06 3.186922000000000000e+06
1.056617700374397686e-02 1.355541996376794996e+06 3.195530000000000000e+06
1.058712983125213031e-02 1.544806949093205621e+06 3.217292000000000000e+06
1.060807579670321535e-02 1.062080854488932062e+06 3.218148000000000000e+06
1.062901467447870466e-02 1.207690783381917514e+06 3.240616000000000000e+06
1.064997100637046258e-02 1.363830523059964413e+06 3.249184000000000000e+06
1.067092231155890997e-02 1.197679050157118123e+06 3.263600000000000000e+06
1.069184232595445962e-02 1.464212885339397937e+06 3.267524000000000000e+06
1.071278652053386446e-02 1.544443631868710276e+06 3.293642000000000000e+06
