0.000000000000000000e+00 0.000000000000000000e+00 1.000000000000000000e+00
2.966547016023049222e-05 1.342645009625983887e+12 2.600000000000000000e+01
5.419127478489826899e-05 7.618587877245283203e+11 9.600000000000000000e+01
7.352296279350412078e-05 5.620730296344349365e+11 1.280000000000000000e+02
9.389855742568236892e-05 3.799794526929945068e+11 2.580000000000000000e+02
1.158725991235069817e-04 2.824051870451116333e+11 4.160000000000000000e+02
1.366478460172924035e-04 2.192712343484811707e+11 4.880000000000000000e+02
1.565363249687504838e-04 1.715784223248573303e+11 6.900000000000000000e+02
1.778955720510566607e-04 1.396168937609856567e+11 9.440000000000000000e+02
1.990977003143960138e-04 1.190196521330599518e+11 1.116000000000000000e+03
2.195136083065773482e-04 9.694564473087884521e+10 1.350000000000000000e+03
2.401897563775092642e-04 8.162586828884584045e+10 1.640000000000000000e+03
2.614777619907888030e-04 6.980055909504188538e+10 2.012000000000000000e+03
2.828791348991739033e-04 6.178384148333585358e+10 2.342000000000000000e+03
3.035493481013598746e-04 5.298268814907922363e+10 2.520000000000000000e+03
3.241235762803953654e-04 4.798102524438244629e+10 3.044000000000000000e+03
3.452349808782958856e-04 4.092101775644668579e+10 3.402000000000000000e+03
3.663220373959401657e-04 3.718179382688793945e+10 3.908000000000000000e+03
3.870323335420426084e-04 3.296825563513895798e+10 4.164000000000000000e+03
4.079442765424508136e-04 3.151103471914730835e+10 4.850000000000000000e+03
4.290508288495219961e-04 2.789247819194566345e+10 5.278000000000000000e+03
4.499199264962810215e-04 2.409137215209051132e+10 5.738000000000000000e+03
4.706853420837009763e-04 2.261206539183490753e+10 6.328000000000000000e+03
4.917663743978291802e-04 2.080892873728155899e+10 7.038000000000000000e+03
5.127686723343992349e-04 1.916191343340159988e+10 7.412000000000000000e+03
5.337335542319532940e-04 1.745633160860745239e+10 8.330000000000000000e+03
5.549800201446776493e-04 1.635055109290787697e+10 8.874000000000000000e+03
5.759912130300024738e-04 1.562135033221837997e+10 9.566000000000000000e+03
5.967421699262660242e-04 1.412429799905105400e+10 9.906000000000000000e+03
6.175678115601301518e-04 1.331954960195017052e+10 1.109600000000000000e+04
6.383415719683501301e-04 1.254950966330362511e+10 1.137600000000000000e+04
6.593344981926793028e-04 1.177747235764015961e+10 1.272200000000000000e+04
6.803914028984011904e-04 1.089687289706543541e+10 1.320200000000000000e+04
7.014542198821641355e-04 1.014192289293508720e+10 1.425000000000000000e+04
7.224268553394682778e-04 9.690900857025243759e+09 1.487800000000000000e+04
7.433377686538733542e-04 9.149857504457113266e+09 1.585600000000000000e+04
7.643057570345914353e-04 8.738381840590408325e+09 1.670800000000000000e+04
7.850935419370501942e-04 8.217846908347871780e+09 1.747000000000000000e+04
8.060212137376749925e-04 7.853060901281692505e+09 1.871400000000000000e+04
8.270109035013945616e-04 7.500444485562450409e+09 1.961800000000000000e+04
8.478809236624057499e-04 7.118733504063590050e+09 2.043000000000000000e+04
8.688274482596475756e-04 6.717072155217665672e+09 2.175400000000000000e+04
8.898088481166329831e-04 6.330941815299839973e+09 2.265800000000000000e+04
9.108524687755773560e-04 6.144639301131227493e+09 2.397800000000000000e+04
9.318601638592801609e-04 5.843063006570603371e+09 2.485400000000000000e+04
9.528007574779614975e-04 5.598562862438078880e+09 2.602400000000000000e+04
9.736277382378045672e-04 5.390207243952457428e+09 2.680400000000000000e+04
9.944946999702632389e-04 5.184487666279562950e+09 2.852400000000000000e+04
1.015482989633682571e-03 4.940338532909046173e+09 2.942800000000000000e+04
1.036461902710500557e-03 4.756509409980193138e+09 3.101800000000000000e+04
1.057439497869204059e-03 4.528056260365846634e+09 3.183400000000000000e+04
1.078443002355871467e-03 4.364315189059567451e+09 3.375000000000000000e+04
1.099452363638649902e-03 4.217985118811537743e+09 3.444800000000000000e+04
1.120486208476862908e-03 4.118163420925278187e+09 3.637200000000000000e+04
1.141303192916390957e-03 3.925510418075437069e+09 3.654000000000000000e+04
1.162186681874016400e-03 3.782782785802837372e+09 3.914000000000000000e+04
1.183149620925968070e-03 3.684686369747904301e+09 3.983400000000000000e+04
1.203997363442231659e-03 3.534845142804337978e+09 4.135400000000000000e+04
1.224944994418043515e-03 3.393263001894064426e+09 4.321400000000000000e+04
1.245889918711711548e-03 3.306807267044852734e+09 4.425600000000000000e+04
1.266922621965076200e-03 3.206802125639655590e+09 4.647600000000000000e+04
1.287887052574165437e-03 3.088328350595831394e+09 4.724600000000000000e+04
1.308810967468131744e-03 3.015735495672500134e+09 4.912200000000000000e+04
1.329835386524824215e-03 2.894907245029353619e+09 5.109800000000000000e+04
1.350750192873838166e-03 2.835080946710502148e+09 5.163600000000000000e+04
1.371711424745301715e-03 2.733570848412763596e+09 5.462800000000000000e+04
1.392624036365390158e-03 2.651300475140125751e+09 5.472000000000000000e+04
1.413485876467941759e-03 2.581557646532470703e+09 5.752400000000000000e+04
1.434504920091316795e-03 2.532276038003497124e+09 5.916600000000000000e+04
1.455479173956697328e-03 2.441375390603747368e+09 6.061000000000000000e+04
1.476360066582646643e-03 2.379266975843859673e+09 6.220800000000000000e+04
1.497238293198690064e-03 2.276182779976289272e+09 6.403800000000000000e+04
1.518151436351234361e-03 2.259227316335502625e+09 6.588400000000000000e+04
1.539225064965316948e-03 2.191189546936153412e+09 6.897000000000000000e+04
1.560248804580790637e-03 2.139269546041740417e+09 6.916200000000000000e+04
1.581182494113146002e-03 2.093227798453925610e+09 7.207800000000000000e+04
1.602151900066207339e-03 2.036938272553909063e+09 7.331200000000000000e+04
1.623050404003984794e-03 1.958002211426090002e+09 7.529200000000000000e+04
1.643913830382842884e-03 1.917319766472198963e+09 7.717200000000000000e+04
1.664841698923051399e-03 1.864333000549740314e+09 7.932400000000000000e+04
1.685763907790326479e-03 1.840805961393677950e+09 8.137800000000000000e+04
1.706688757368782965e-03 1.789147133517136574e+09 8.339000000000000000e+04
1.727724992430916670e-03 1.744751056865889072e+09 8.624000000000000000e+04
1.748707814916582084e-03 1.714142854250682831e+09 8.733200000000000000e+04
1.769605465165582101e-03 1.676742360699386358e+09 8.936000000000000000e+04
1.790549613119530193e-03 1.623865343893216133e+09 9.240800000000000000e+04
1.811543500644504680e-03 1.593271861031340837e+09 9.379400000000000000e+04
1.832485551308853837e-03 1.563640786654093981e+09 9.642600000000000000e+04
1.853319488606598731e-03 1.520229374924936056e+09 9.719800000000000000e+04
1.874292282546716334e-03 1.508865300919706821e+09 1.019700000000000000e+05
1.895341291622483146e-03 1.467447923555166483e+09 1.027860000000000000e+05
1.916270427068929782e-03 1.433585853469087362e+09 1.049680000000000000e+05
1.937202914037521083e-03 1.409888113550887346e+09 1.077600000000000000e+05
1.958149652614909336e-03 1.375573937313647985e+09 1.096340000000000000e+05
1.979058784035020620e-03 1.345175900131287336e+09 1.119540000000000000e+05
1.999993474540890347e-03 1.332067892418232679e+09 1.148600000000000000e+05
2.020922110787634791e-03 1.297702024000233650e+09 1.164680000000000000e+05
2.041850748222624919e-03 1.273827750949228764e+09 1.198100000000000000e+05
2.062892259723775670e-03 1.248221805325557709e+09 1.226000000000000000e+05
2.083837585308887137e-03 1.224768160689722776e+09 1.238080000000000000e+05
2.104695197375418270e-03 1.208256384262935877e+09 1.265460000000000000e+05
2.125687115869021645e-03 1.183419491451038599e+09 1.301860000000000000e+05
2.146635125921985115e-03 1.158844357085442543e+09 1.314520000000000000e+05
2.167576534851236702e-03 1.143074618712519407e+09 1.350760000000000000e+05
2.188537900573890582e-03 1.119589066619615078e+09 1.369860000000000000e+05
2.209470176440963673e-03 1.098932069709957361e+09 1.399720000000000000e+05
2.230421037305644043e-03 1.084313756400563955e+09 1.422760000000000000e+05
2.251386027648449254e-03 1.061321354421601295e+09 1.460180000000000000e+05
2.272319819886492107e-03 1.046922298696116686e+09 1.468260000000000000e+05
2.293227522635792395e-03 1.027207892995835185e+09 1.512680000000000000e+05
2.314122960978284415e-03 1.012264726089988351e+09 1.520520000000000000e+05
2.335065946034262530e-03 9.983200807449388504e+08 1.574900000000000000e+05
2.356048445895948112e-03 9.701452384397056103e+08 1.585880000000000000e+05
2.377009828332220329e-03 9.592081026104503870e+08 1.622040000000000000e+05
2.397976401052556630e-03 9.486744492614785433e+08 1.649380000000000000e+05
2.418954157325603569e-03 9.356469277608233690e+08 1.679380000000000000e+05
2.439905991183916652e-03 9.145308670589898825e+08 1.704060000000000000e+05
2.460851374860760499e-03 8.978589783468855619e+08 1.736020000000000000e+05
2.481781295393546607e-03 8.848008336661019325e+08 1.760100000000000000e+05
2.502650413933086952e-03 8.734793749230490923e+08 1.788440000000000000e+05
2.523591626582233523e-03 8.630562943518203497e+08 1.827160000000000000e+05
2.544558463805404389e-03 8.496989407872129679e+08 1.857620000000000000e+05
2.565532067070480388e-03 8.345282417492164373e+08 1.886940000000000000e+05
2.586503041233372598e-03 8.257498072960207462e+08 1.920580000000000000e+05
2.607450880409729367e-03 8.125437386959788799e+08 1.945460000000000000e+05
2.628464482732199327e-03 7.975824721234811544e+08 1.993060000000000000e+05
2.649320156313930263e-03 7.881585061610327959e+08 1.981720000000000000e+05
2.670164066336059953e-03 7.777973763070150614e+08 2.050680000000000000e+05
2.691132520107587366e-03 7.700424616792968512e+08 2.071700000000000000e+05
2.712101461832686425e-03 7.555013257805045843e+08 2.115720000000000000e+05
2.733066501623578320e-03 7.498212040639292002e+08 2.134840000000000000e+05
2.753990483622856169e-03 7.377644494325654507e+08 2.174580000000000000e+05
2.774979431304217935e-03 7.229537608160665035e+08 2.212500000000000000e+05
2.795995700070591679e-03 7.154883895482438803e+08 2.249240000000000000e+05
2.816904271298328270e-03 7.057734676664953232e+08 2.257300000000000000e+05
2.837790049867310559e-03 6.956278246579108238e+08 2.306920000000000000e+05
2.858753194608672828e-03 6.843452693699471951e+08 2.348280000000000000e+05
2.879705102950846397e-03 6.757661387159044743e+08 2.368760000000000000e+05
2.900616066266185639e-03 6.697770655400252342e+08 2.411780000000000000e+05
2.921550576131295204e-03 6.591237480691479445e+08 2.439500000000000000e+05
2.942504689292785910e-03 6.490078778957922459e+08 2.488020000000000000e+05
2.963447957150189965e-03 6.420379832098402977e+08 2.511200000000000000e+05
2.984364966659551650e-03 6.403058919017307758e+08 2.546280000000000000e+05
3.005322098225685339e-03 6.284651416615912914e+08 2.598680000000000000e+05
3.026287417299484365e-03 6.224200573102234602e+08 2.614840000000000000e+05
3.047254626029334383e-03 6.140723630174176693e+08 2.676900000000000000e+05
3.068223221635749381e-03 6.099933396958098412e+08 2.686860000000000000e+05
3.089160096736553313e-03 5.994962839957990646e+08 2.740100000000000000e+05
3.110118452408271693e-03 5.929631040283455849e+08 2.770260000000000000e+05
3.131101157249004466e-03 5.859707560248469114e+08 2.818260000000000000e+05
3.152012107737241914e-03 5.783649017085106373e+08 2.829960000000000000e+05
3.172901328297306114e-03 5.743450779722797871e+08 2.883560000000000000e+05
3.193813538822268261e-03 5.666439258748564720e+08 2.913460000000000000e+05
3.214800502530194403e-03 5.589750451818530560e+08 2.982600000000000000e+05
3.235793302476244835e-03 5.499517967010115385e+08 2.990520000000000000e+05
3.256696732262139276e-03 5.457502256562153101e+08 3.037380000000000000e+05
3.277615792439744248e-03 5.404543654660093784e+08 3.069620000000000000e+05
3.298528834693501607e-03 5.330109550167621970e+08 3.116520000000000000e+05
3.319504985833824327e-03 5.273628658288291693e+08 3.167800000000000000e+05
3.340473107414497489e-03 5.211529134065718055e+08 3.191460000000000000e+05
3.361372050816498203e-03 5.158592617435244918e+08 3.229880000000000000e+05
3.382344779781507396e-03 5.123427860833337307e+08 3.290040000000000000e+05
3.403324916305406657e-03 5.057954656899093986e+08 3.320080000000000000e+05
3.424255332119448009e-03 5.020224786377996802e+08 3.352720000000000000e+05
3.445207728865935532e-03 4.951919122090492845e+08 3.407300000000000000e+05
3.466168487889234595e-03 4.904714688490879536e+08 3.443120000000000000e+05
3.487106416179204613e-03 4.841368159843114614e+08 3.477240000000000000e+05
3.508026612012424706e-03 4.797870407601783872e+08 3.527900000000000000e+05
3.528938131544482899e-03 4.755935676606519222e+08 3.551460000000000000e+05
3.549886480972501337e-03 4.706608086433613300e+08 3.626560000000000000e+05
3.570874151960292363e-03 4.649998087484654188e+08 3.654560000000000000e+05
3.591830053669282409e-03 4.625235975752392411e+08 3.695780000000000000e+05
3.612751942127294565e-03 4.568409332824118137e+08 3.734660000000000000e+05
3.633695287620703016e-03 4.530990666937180161e+08 3.782100000000000000e+05
3.654640656380759439e-03 4.476084328938636184e+08 3.831580000000000000e+05
3.675610751456185200e-03 4.430157700136050582e+08 3.874660000000000000e+05
3.696548704162959734e-03 4.404342137972176075e+08 3.905200000000000000e+05
3.717424036417998380e-03 4.354973244465354681e+08 3.945120000000000000e+05
3.738345997700743325e-03 4.317811338241638541e+08 4.005780000000000000e+05
3.759313376606930775e-03 4.259889885013223290e+08 4.059380000000000000e+05
3.780301687649433723e-03 4.226220715199829936e+08 4.098140000000000000e+05
3.801216422977883244e-03 4.175913749620140195e+08 4.123620000000000000e+05
3.822140407537945143e-03 4.175082762044616938e+08 4.194100000000000000e+05
3.843150642483481386e-03 4.118861918912768960e+08 4.247280000000000000e+05
3.864100309678084478e-03 4.064463449946561456e+08 4.265580000000000000e+05
3.885037448634693670e-03 4.046688632750308514e+08 4.331960000000000000e+05
3.905992546688218190e-03 4.012641933812717795e+08 4.366480000000000000e+05
3.926968889495974571e-03 3.957063072182813883e+08 4.438480000000000000e+05
3.947919912764940274e-03 3.918068134575918317e+08 4.444500000000000000e+05
3.968809095191870237e-03 3.899049700068132877e+08 4.511780000000000000e+05
3.989707591929131034e-03 3.865220079477669597e+08 4.539680000000000000e+05
4.010672832955066748e-03 3.835755074912295341e+08 4.638300000000000000e+05
4.031639383660075987e-03 3.807895189791911840e+08 4.636500000000000000e+05
4.052568136510180212e-03 3.768535987818939090e+08 4.716760000000000000e+05
4.073526038593747178e-03 3.733160953546003103e+08 4.750940000000000000e+05
4.094489398659429888e-03 3.694347495428915620e+08 4.809620000000000000e+05
4.115445453160421208e-03 3.672203635098759532e+08 4.855700000000000000e+05
4.136358162412105167e-03 3.657370924971547127e+08 4.881840000000000000e+05
4.157271722718521023e-03 3.599078456945506334e+08 4.955520000000000000e+05
4.178226448857211110e-03 3.593091767243581414e+08 5.002980000000000000e+05
4.199180132835248283e-03 3.555559297390586734e+08 5.052500000000000000e+05
4.220122271474228276e-03 3.521957492268602848e+08 5.104780000000000000e+05
4.241058615773919509e-03 3.496178254060540199e+08 5.140660000000000000e+05
4.262016527872686950e-03 3.464242617544445992e+08 5.225060000000000000e+05
4.282957108014494481e-03 3.446123129434602261e+08 5.232600000000000000e+05
4.303920606016589483e-03 3.419010058308550715e+08 5.338900000000000000e+05
4.324900711072319527e-03 3.375985440457024574e+08 5.346180000000000000e+05
4.345819868260085254e-03 3.354923395727000237e+08 5.405880000000000000e+05
4.366741355105016945e-03 3.345538803288308382e+08 5.460140000000000000e+05
4.387687576206064123e-03 3.312802066317003965e+08 5.516580000000000000e+05
4.408641252392609886e-03 3.290076202753846049e+08 5.572260000000000000e+05
4.429571596276063450e-03 3.267011689633417726e+08 5.608360000000000000e+05
4.450498500189372340e-03 3.242603487934788465e+08 5.678360000000000000e+05
4.471485341863776740e-03 3.218635893078773022e+08 5.749780000000000000e+05
4.492441410558204416e-03 3.188356535070827603e+08 5.763060000000000000e+05
4.513343365306714088e-03 3.169787868786102533e+08 5.831660000000000000e+05
4.534281153104992475e-03 3.157225907804845572e+08 5.893300000000000000e+05
4.555228142645097698e-03 3.129799138735235333e+08 5.938900000000000000e+05
4.576187639323749112e-03 3.100757287817124128e+08 6.016200000000000000e+05
4.597128030531173748e-03 3.091765135705208182e+08 6.033700000000000000e+05
4.618035650780973750e-03 3.063642756909427643e+08 6.110180000000000000e+05
4.638999328291089179e-03 3.037042141777735949e+08 6.175840000000000000e+05
4.659954510042933241e-03 3.018768897714087963e+08 6.215220000000000000e+05
4.680898882661307069e-03 3.004029292484056950e+08 6.287140000000000000e+05
4.701854800139268313e-03 2.982081465913810730e+08 6.324560000000000000e+05
4.722798299773690520e-03 2.963285872011857629e+08 6.403260000000000000e+05
4.743740579222889032e-03 2.940628633034323454e+08 6.429160000000000000e+05
4.764671430826451608e-03 2.921229142315812111e+08 6.514900000000000000e+05
4.785630000033127933e-03 2.908634445753397942e+08 6.558780000000000000e+05
4.806598069599005846e-03 2.888889481760142446e+08 6.632740000000000000e+05
4.827520819925074091e-03 2.871385488029512763e+08 6.654180000000000000e+05
4.848450178391465470e-03 2.855303659515239000e+08 6.743220000000000000e+05
4.869408503203899105e-03 2.830158363513908386e+08 6.796140000000000000e+05
4.890380914734916880e-03 2.819429507497746944e+08 6.862820000000000000e+05
4.911321585953588344e-03 2.792176941572468281e+08 6.897760000000000000e+05
4.932241071478910867e-03 2.793781207508786321e+08 6.968880000000000000e+05
4.953190501765598365e-03 2.777817284347910285e+08 7.027380000000000000e+05
4.974121761082719168e-03 2.752993483332555890e+08 7.083380000000000000e+05
4.995019003930593546e-03 2.734969149042353034e+08 7.120920000000000000e+05
5.015957276489464711e-03 2.722476863736506104e+08 7.230740000000000000e+05
5.036924478070266449e-03 2.703763148540387154e+08 7.260280000000000000e+05
5.057877000379992598e-03 2.693047164024148583e+08 7.339940000000000000e+05
5.078837573861229478e-03 2.671063296482030153e+08 7.393740000000000000e+05
5.099803304237073877e-03 2.661360165162078142e+08 7.460900000000000000e+05
5.120772839316486101e-03 2.646031380278142989e+08 7.520180000000000000e+05
5.141715166207226628e-03 2.631890477357685268e+08 7.564860000000000000e+05
5.162623510308616409e-03 2.620592501292788386e+08 7.616660000000000000e+05
5.183578866044248785e-03 2.601324591693721414e+08 7.728580000000000000e+05
5.204526277597153715e-03 2.596371774870136678e+08 7.728260000000000000e+05
5.225432892487220753e-03 2.571716857384977639e+08 7.826460000000000000e+05
5.246381252225634090e-03 2.561005803983803988e+08 7.885780000000000000e+05
5.267351408156492956e-03 2.560566550429121554e+08 7.964900000000000000e+05
5.288292804304761674e-03 2.539583413242185712e+08 7.996520000000000000e+05
5.309203013744335717e-03 2.526128290252725780e+08 8.060180000000000000e+05
5.330163024375439776e-03 2.518338395797169209e+08 8.170740000000000000e+05
5.351148492684165182e-03 2.503392205663990974e+08 8.200040000000000000e+05
5.372069804439618367e-03 2.492518009874579906e+08 8.256460000000000000e+05
5.392998247667225679e-03 2.488776800004402697e+08 8.331220000000000000e+05
5.413951736963958788e-03 2.474583279599150717e+08 8.400500000000000000e+05
5.434890416730552357e-03 2.461556701410376132e+08 8.458920000000000000e+05
5.455836937598190425e-03 2.453192995757834017e+08 8.528680000000000000e+05
5.476773563924624763e-03 2.440462835936208367e+08 8.591060000000000000e+05
5.497703248326882113e-03 2.429549619393006861e+08 8.643500000000000000e+05
5.518652061045208577e-03 2.426886304792526066e+08 8.746660000000000000e+05
5.539607922118034052e-03 2.415890413150435388e+08 8.779860000000000000e+05
5.560574844575168034e-03 2.403180439160120189e+08 8.886260000000000000e+05
5.581519275973697083e-03 2.398322328487539887e+08 8.899740000000000000e+05
5.602425265285189936e-03 2.390004621764581501e+08 8.980880000000000000e+05
5.623383351546370167e-03 2.375733986697095037e+08 9.085540000000000000e+05
5.644373191424221364e-03 2.375460017881660461e+08 9.140540000000000000e+05
5.665288316907858557e-03 2.358346534643902779e+08 9.152280000000000000e+05
5.686221591163983201e-03 2.348591964423617423e+08 9.298260000000000000e+05
5.707184821479444926e-03 2.348135262197594941e+08 9.311460000000000000e+05
5.728134188723717386e-03 2.331891600127980709e+08 9.426360000000000000e+05
5.749088571545068506e-03 2.333487231536521316e+08 9.451140000000000000e+05
5.770005745514510294e-03 2.326398976830054820e+08 9.527320000000000000e+05
5.790959226569722222e-03 2.319765236719372571e+08 9.631820000000000000e+05
5.811894835529232348e-03 2.311227686142790616e+08 9.639540000000000000e+05
5.832824970741895196e-03 2.313852665881411135e+08 9.774260000000000000e+05
5.853784985935771290e-03 2.300261183277803063e+08 9.803900000000000000e+05
5.874720961160064675e-03 2.283796955843657255e+08 9.888660000000000000e+05
5.895662134299190990e-03 2.289973334016574025e+08 9.958500000000000000e+05
5.916600629045295177e-03 2.288846922037028372e+08 1.001722000000000000e+06
5.937555451052196204e-03 2.281616065355187953e+08 1.012572000000000000e+06
5.958502282595038585e-03 2.272639081500523984e+08 1.014340000000000000e+06
5.979450310435244220e-03 2.270174312216053605e+08 1.027810000000000000e+06
6.000386289893909139e-03 2.267405324848301709e+08 1.027342000000000000e+06
6.021316521619196269e-03 2.255595728802693784e+08 1.040824000000000000e+06
6.042248222996981187e-03 2.259965826142762005e+08 1.043012000000000000e+06
6.063191808203589016e-03 2.245964474652611017e+08 1.055506000000000000e+06
6.084156014741207673e-03 2.247351005985096395e+08 1.060694000000000000e+06
6.105098031896988298e-03 2.240126838716808558e+08 1.067122000000000000e+06
6.126045096320165487e-03 2.238661007272304595e+08 1.075762000000000000e+06
6.147012740620710035e-03 2.247460707673222125e+08 1.084606000000000000e+06
6.167959436111305691e-03 2.233096700543488264e+08 1.088162000000000000e+06
6.188894491932587019e-03 2.231982960050459802e+08 1.097898000000000000e+06
6.209841327112627582e-03 2.228552701124278903e+08 1.104138000000000000e+06
6.230780779989405528e-03 2.222334239412985146e+08 1.112582000000000000e+06
6.251728852262752358e-03 2.224933815319994092e+08 1.120042000000000000e+06
6.272672237590436878e-03 2.224600680842031240e+08 1.126258000000000000e+06
6.293606531353737252e-03 2.219333105996746123e+08 1.134620000000000000e+06
6.314525842076099474e-03 2.224042457540704310e+08 1.139818000000000000e+06
6.335480427082902134e-03 2.226575405126563907e+08 1.153700000000000000e+06
6.356446024588109298e-03 2.216950270349873006e+08 1.155926000000000000e+06
6.377367140193187893e-03 2.214489607501699924e+08 1.163874000000000000e+06
6.398313565908670709e-03 2.214685446829440594e+08 1.174882000000000000e+06
6.419260121280221526e-03 2.214276490098868012e+08 1.178282000000000000e+06
6.440218587345369547e-03 2.212311871442698538e+08 1.192332000000000000e+06
6.461158775814396064e-03 2.217015964171127379e+08 1.191242000000000000e+06
6.482075493038591193e-03 2.211796429253662229e+08 1.205140000000000000e+06
6.503021599461181537e-03 2.217090853735356927e+08 1.210806000000000000e+06
6.523983342755540656e-03 2.214320184282629788e+08 1.221506000000000000e+06
6.544934890755176732e-03 2.212710165794829130e+08 1.226362000000000000e+06
6.565871171090307754e-03 2.217738840855048895e+08 1.234482000000000000e+06
6.586833468300840218e-03 2.216181921697892249e+08 1.245910000000000000e+06
6.607797806640947937e-03 2.219972298414518833e+08 1.250240000000000000e+06
6.628727319026261194e-03 2.215596536746510267e+08 1.257554000000000000e+06
6.649661195173045547e-03 2.218867365085355341e+08 1.267192000000000000e+06
6.670604474610463894e-03 2.222050333916544616e+08 1.273586000000000000e+06
6.691533941440819776e-03 2.223276053304238319e+08 1.282714000000000000e+06
6.712465110591878462e-03 2.228783190865130424e+08 1.289062000000000000e+06
6.733402927879838379e-03 2.230049590287307203e+08 1.299768000000000000e+06
6.754377693055123484e-03 2.232990435248053968e+08 1.309778000000000000e+06
6.775342499181890438e-03 2.233942405646427274e+08 1.314924000000000000e+06
6.796254657177060871e-03 2.238186640318489075e+08 1.319702000000000000e+06
6.817187776562244790e-03 2.239153232066622972e+08 1.333208000000000000e+06
6.838151923094192876e-03 2.240934143884967566e+08 1.340212000000000000e+06
6.859103286713035333e-03 2.244086235090139806e+08 1.348454000000000000e+06
6.880052783898826275e-03 2.254101214450209737e+08 1.356042000000000000e+06
6.901007347581009782e-03 2.253669495431748033e+08 1.365818000000000000e+06
6.921969877109315772e-03 2.260651966148698926e+08 1.373154000000000000e+06
6.942887545347252616e-03 2.258597026619966924e+08 1.377196000000000000e+06
6.963785823996730337e-03 2.264672747887438238e+08 1.387268000000000000e+06
6.984754600336452561e-03 2.264563849663125575e+08 1.402330000000000000e+06
7.005695100548091706e-03 2.273453629332622588e+08 1.401214000000000000e+06
7.026622940060659253e-03 2.273718692394450903e+08 1.416810000000000000e+06
7.047573703016726983e-03 2.280837549855978489e+08 1.422122000000000000e+06
7.068510180821678882e-03 2.280133069158005714e+08 1.430634000000000000e+06
7.089459553652813044e-03 2.281689426198228300e+08 1.441006000000000000e+06
7.110410504685391736e-03 2.286103943921689987e+08 1.448832000000000000e+06
7.131375137393774002e-03 2.300717139283940196e+08 1.458732000000000000e+06
7.152328933453326251e-03 2.299025080683664083e+08 1.465678000000000000e+06
7.173251613590963041e-03 2.309968411346391737e+08 1.470370000000000000e+06
7.194203212912279530e-03 2.305641637744562924e+08 1.487866000000000000e+06
7.215157841321821926e-03 2.317522184936550558e+08 1.487870000000000000e+06
7.236108141261602018e-03 2.312731520608636737e+08 1.503962000000000000e+06
7.257048666689974378e-03 2.328688330771856904e+08 1.504850000000000000e+06
7.277960787602941184e-03 2.330118608474458158e+08 1.516066000000000000e+06
7.298904195271708681e-03 2.332488933693655431e+08 1.528222000000000000e+06
7.319871598940557236e-03 2.343999745256333947e+08 1.536026000000000000e+06
7.340813612849602515e-03 2.345590163397565484e+08 1.542330000000000000e+06
7.361742379966780374e-03 2.347486253554129601e+08 1.551846000000000000e+06
7.382683337923755078e-03 2.362655167928900421e+08 1.561504000000000000e+06
7.403644198201568029e-03 2.365915736198890507e+08 1.573074000000000000e+06
7.424582991544486157e-03 2.371301542277187407e+08 1.575546000000000000e+06
7.445529605290209657e-03 2.378875890067754090e+08 1.592096000000000000e+06
7.466481542023457874e-03 2.373529972165996134e+08 1.594450000000000000e+06
7.487417858727503719e-03 2.381970654775217474e+08 1.607282000000000000e+06
7.508358534842077443e-03 2.383102342224814594e+08 1.613718000000000000e+06
7.529281078305200513e-03 2.391334135611817241e+08 1.621618000000000000e+06
7.550232514422407053e-03 2.398297762968723178e+08 1.636714000000000000e+06
7.571170630036476445e-03 2.407719901844650209e+08 1.638078000000000000e+06
7.592116318725157693e-03 2.408684863395902514e+08 1.655090000000000000e+06
7.613077203628958525e-03 2.413585585728582740e+08 1.659706000000000000e+06
7.634011257516152942e-03 2.418330545420258939e+08 1.668002000000000000e+06
7.654973111713371005e-03 2.424398138832428157e+08 1.683910000000000000e+06
7.675911437617626704e-03 2.434064419064919353e+08 1.681432000000000000e+06
7.696841098506215610e-03 2.434843061397613585e+08 1.701434000000000000e+06
7.717798893418999912e-03 2.443875370127758086e+08 1.704454000000000000e+06
7.738762486991400055e-03 2.445743508534110785e+08 1.720330000000000000e+06
7.759712252735236591e-03 2.454477060992422402e+08 1.722076000000000000e+06
7.780626973772562273e-03 2.457752223894935548e+08 1.731610000000000000e+06
7.801564151514805458e-03 2.468683389203095436e+08 1.745606000000000000e+06
7.822528896693948727e-03 2.467003249578390121e+08 1.754440000000000000e+06
7.843486861125832307e-03 2.466362231570645869e+08 1.763148000000000000e+06
7.864428165107073543e-03 2.480133747105067372e+08 1.771182000000000000e+06
7.885344063475309070e-03 2.484732352896449566e+08 1.776490000000000000e+06
7.906293793786002208e-03 2.491672179570048749e+08 1.797170000000000000e+06
7.927252264594475753e-03 2.497576212144029737e+08 1.796022000000000000e+06
7.948181191653037533e-03 2.490473226104161143e+08 1.811602000000000000e+06
7.969123416133441773e-03 2.503383030022979975e+08 1.817522000000000000e+06
7.990049045727176322e-03 2.504855877590570748e+08 1.826640000000000000e+06
8.010985758534407142e-03 2.516878897889077067e+08 1.840112000000000000e+06
8.031951089543826194e-03 2.519078672984501123e+08 1.850280000000000000e+06
8.052912656648330073e-03 2.519642141542055011e+08 1.858716000000000000e+06
8.073879462498162116e-03 2.522786643691157699e+08 1.870668000000000000e+06
8.094817154052342742e-03 2.534085154490936100e+08 1.872580000000000000e+06
8.115739037859221253e-03 2.532937434868782759e+08 1.888154000000000000e+06
8.136680281278783552e-03 2.544969555103671551e+08 1.894416000000000000e+06
8.157642102452917349e-03 2.553927838705314994e+08 1.911736000000000000e+06
8.178579019049374982e-03 2.545784648310685754e+08 1.910298000000000000e+06
8.199510340422665883e-03 2.553858921827024221e+08 1.929098000000000000e+06
8.220466981858976993e-03 2.560202131540677547e+08 1.935862000000000000e+06
8.241409546366222985e-03 2.558249881168190539e+08 1.944570000000000000e+06
8.262329895134375157e-03 2.565825867143465281e+08 1.953184000000000000e+06
8.283274531472860705e-03 2.561404847558225989e+08 1.968266000000000000e+06
8.304243732694425312e-03 2.563991565332902074e+08 1.977462000000000000e+06
8.325172084878356554e-03 2.576840644975074828e+08 1.980932000000000000e+06
8.346110977185398905e-03 2.571545639588860273e+08 1.998474000000000000e+06
8.367063873327407891e-03 2.579315238829455674e+08 2.005446000000000000e+06
8.388004618475481886e-03 2.584615514512766004e+08 2.014266000000000000e+06
8.408965504008502484e-03 2.587424658292300701e+08 2.030650000000000000e+06
8.429908993488458013e-03 2.592117934437411427e+08 2.030774000000000000e+06
8.450841337145178697e-03 2.587619675081075728e+08 2.048722000000000000e+06
8.471798743828248129e-03 2.598981526791467369e+08 2.056106000000000000e+06
8.492749771888364815e-03 2.593089921396971941e+08 2.067218000000000000e+06
8.513671635141271607e-03 2.606636589662596285e+08 2.071678000000000000e+06
8.534592157513546176e-03 2.602765506153051853e+08 2.086386000000000000e+06
8.555562581404392575e-03 2.603588700125613511e+08 2.102840000000000000e+06
8.576520646810222373e-03 2.607059339381873608e+08 2.104270000000000000e+06
8.597448065562549036e-03 2.608897533684956133e+08 2.116892000000000000e+06
8.618403235739703974e-03 2.613355072486518621e+08 2.131000000000000000e+06
8.639352720922553741e-03 2.618177564553745687e+08 2.135924000000000000e+06
8.660285069356361137e-03 2.624305490640510321e+08 2.148804000000000000e+06
8.681205223995314482e-03 2.617246231884354353e+08 2.154268000000000000e+06
8.702158425108942608e-03 2.621079090269052982e+08 2.175194000000000000e+06
8.723117173314601236e-03 2.627519007070946991e+08 2.177926000000000000e+06
8.744034676417435439e-03 2.632898083001863956e+08 2.186538000000000000e+06
8.764979598380113687e-03 2.634573196633381844e+08 2.205194000000000000e+06
8.785932290615883558e-03 2.632852630048998594e+08 2.208550000000000000e+06
8.806871497174174196e-03 2.627762897092920542e+08 2.223482000000000000e+06
8.827818353898213982e-03 2.638859748732657135e+08 2.232786000000000000e+06
8.848780708483971677e-03 2.631938812642858922e+08 2.245720000000000000e+06
8.869734148017290043e-03 2.636169280857349038e+08 2.253774000000000000e+06
8.890665565399122339e-03 2.641446549956025779e+08 2.261258000000000000e+06
8.911620780301367228e-03 2.641829000187526643e+08 2.281412000000000000e+06
8.932585956974154265e-03 2.636682271097167432e+08 2.284316000000000000e+06
8.953533078438893900e-03 2.643635164423381090e+08 2.297788000000000000e+06
8.974470445141555577e-03 2.646726491269775033e+08 2.305698000000000000e+06
8.995400632408384958e-03 2.642370298929375112e+08 2.316138000000000000e+06
9.016319280554532800e-03 2.647659230187968016e+08 2.325814000000000000e+06
9.037253920177783229e-03 2.643097703696392775e+08 2.340042000000000000e+06
9.058201535340669464e-03 2.648583860841299295e+08 2.351186000000000000e+06
9.079154238139635485e-03 2.644423468764492273e+08 2.363414000000000000e+06
9.100131819131006966e-03 2.646293962771353126e+08 2.377410000000000000e+06
9.121064865455797213e-03 2.648644586524968743e+08 2.376306000000000000e+06
9.141981233745502533e-03 2.645289765009461045e+08 2.394608000000000000e+06
9.162941393257252251e-03 2.650637290543334484e+08 2.408926000000000000e+06
9.183881219560940251e-03 2.641860500276639163e+08 2.411756000000000000e+06
9.204824342633543405e-03 2.654379218043260574e+08 2.431120000000000000e+06
9.225777682404880109e-03 2.654299866934234798e+08 2.437312000000000000e+06
9.246722633724927323e-03 2.648384717178101838e+08 2.450328000000000000e+06
9.267663983415212747e-03 2.656567970677070320e+08 2.459196000000000000e+06
9.288593044584242051e-03 2.651192490842675269e+08 2.469910000000000000e+06
9.309529692482654967e-03 2.656590344165945351e+08 2.481922000000000000e+06
9.330483363834749314e-03 2.649625362293629348e+08 2.498194000000000000e+06
9.351439740104288204e-03 2.653063998687036633e+08 2.503298000000000000e+06
9.372388599119116023e-03 2.652858448977489173e+08 2.520374000000000000e+06
9.393301968195480120e-03 2.662592099889944792e+08 2.516170000000000000e+06
9.414235834829864924e-03 2.657429201243337393e+08 2.547408000000000000e+06
9.435212106359593121e-03 2.659760268119703531e+08 2.550832000000000000e+06
9.456163628275575730e-03 2.657084634915042520e+08 2.562104000000000000e+06
9.477103894004685128e-03 2.657654736154948771e+08 2.572700000000000000e+06
9.498052928690409180e-03 2.659615862600450814e+08 2.584858000000000000e+06
9.518996337879167408e-03 2.659268133660074174e+08 2.595756000000000000e+06
9.539931079276701281e-03 2.654710805122679472e+08 2.605620000000000000e+06
9.560880919817041010e-03 2.662684137130912244e+08 2.620648000000000000e+06
9.581832173066004432e-03 2.657226787602120042e+08 2.630984000000000000e+06
9.602776172309554145e-03 2.653190832888783514e+08 2.640290000000000000e+06
9.623715027609339862e-03 2.660496458531304598e+08 2.654362000000000000e+06
9.644649894599970422e-03 2.657548049826011360e+08 2.660726000000000000e+06
9.665582071407231510e-03 2.662848492394402623e+08 2.677114000000000000e+06
9.686517449193469270e-03 2.658978015569096506e+08 2.685762000000000000e+06
9.707473117854586650e-03 2.662066436393195093e+08 2.704274000000000000e+06
9.728424492467507151e-03 2.667294395096961558e+08 2.709196000000000000e+06
9.749369801231063185e-03 2.660290168341623843e+08 2.724820000000000000e+06
9.770324780499195158e-03 2.666495466708836555e+08 2.736208000000000000e+06
9.791264363435981874e-03 2.664529874111860991e+08 2.743768000000000000e+06
9.812205066557784516e-03 2.670730220215763748e+08 2.759730000000000000e+06
9.833160931073609348e-03 2.666933788881017268e+08 2.771952000000000000e+06
9.854097235485376888e-03 2.662957122126180530e+08 2.777268000000000000e+06
9.875037999319194806e-03 2.672225897692771852e+08 2.797782000000000000e+06
9.895989367209959489e-03 2.668993661691255271e+08 2.803642000000000000e+06
9.916927245804646462e-03 2.671600870023383200e+08 2.816794000000000000e+06
9.937869380779206993e-03 2.668557441060196161e+08 2.830062000000000000e+06
9.958826481688226248e-03 2.672666626016550958e+08 2.843378000000000000e+06
9.979774868813932540e-03 2.671492586426028311e+08 2.853154000000000000e+06
1.000069821143680093e-02 2.665452799705334008e+08 2.859412000000000000e+06
1.002162272426048405e-02 2.672465911193222106e+08 2.876980000000000000e+06
1.004256722830361090e-02 2.670901310410776436e+08 2.890392000000000000e+06
1.006351224970695318e-02 2.678036414611539841e+08 2.899476000000000000e+06
1.008446063218807962e-02 2.674592677825184762e+08 2.917726000000000000e+06
1.010541581371072160e-02 2.673439443783048689e+08 2.922866000000000000e+06
1.012636580884461457e-02 2.677456941405894160e+08 2.942762000000000000e+06
1.014732102857123473e-02 2.676501748031662107e+08 2.948244000000000000e+06
1.016825766198237169e-02 2.671106369308427274e+08 2.960844000000000000e+06
1.018918905674288770e-02 2.673380471976845264e+08 2.972272000000000000e+06
1.021013947687613235e-02 2.674527017777722776e+08 2.989284000000000000e+06
1.023108361089690790e-02 2.672639085779194236e+08 2.997166000000000000e+06
1.025204062939684586e-02 2.683795334519852698e+08 3.015898000000000000e+06
1.027298221161072195e-02 2.678972932763480544e+08 3.017474000000000000e+06
1.029391941887124878e-02 2.679330698271772563e+08 3.040014000000000000e+06
1.031486555176150399e-02 2.678346101909537911e+08 3.043856000000000000e+06
1.033581475106024050e-02 2.682816143635328114e+08 3.066500000000000000e+06
1.035676447297369587e-02 2.678137227469549477e+08 3.068136000000000000e+06
1.037770158394408018e-02 2.687381989429639578e+08 3.088024000000000000e+06
1.039863640906126679e-02 2.683616268199553788e+08 3.092690000000000000e+06
1.041958100057027194e-02 2.684231299653514624e+08 3.115154000000000000e+06
1.044053342563799371e-02 2.690949797181228399e+08 3.120446000000000000e+06
1.046146653361525874e-02 2.693301414125263691e+08 3.134098000000000000e+06
1.048241525249252702e-02 2.689273830414019227e+08 3.150914000000000000e+06
1.050334874905482253e-02 2.690473695165231824e+08 3.154270000000000000e+06
1.052428159857683905e-02 2.695107163833649158e+08 3.175378000000000000e+06
1.054523485558974544e-02 2.692568240241487026e+08 3.186922000000000000e+06
1.056617700374397686e-02 2.695518098474637866e+08 3.195530000000000000e+06
1.058712983125213031e-02 2.696503490901899338e+08 3.217292000000000000e+06
1.060807579670321535e-02 2.696366743428858519e+08 3.218148000000000000e+06
1.062901467447870466e-02 2.695956070359281301e+08 3.240616000000000000e+06
1.064997100637046258e-02 2.696448740296628475e+08 3.249184000000000000e+06
1.067092231155890997e-02 2.703229069138523340e+08 3.263600000000000000e+06
1.069184232595445962e-02 2.704870412585248351e+08 3.267524000000000000e+06
1.071278652053386446e-02 2.700981721003159285e+08 3.293642000000000000e+06
