# in Mpc/h Units 
# (k P_nu(k))
# a= 0.504515
# nk = 757
0.020944 2072.11
0.0296192 940.387
0.036276 518.873
0.0418879 318.882
0.0468321 220.457
0.051302 165.901
0.0592384 105.808
0.0628319 87.6121
0.0662306 69.3332
0.0694632 59.8818
0.072552 52.7912
0.0755145 38.7532
0.0783651 33.6286
0.0837758 30.569
0.0863541 21.5269
0.0888577 17.9342
0.0912926 17.3
0.0936642 17.5456
0.0959772 12.9656
0.0982358 11.6287
0.102604 10.6876
0.10472 8.62643
0.106794 7.67317
0.108828 6.65679
0.112787 6.53654
0.114715 5.96949
0.118477 5.55076
0.120314 5.30539
0.122123 4.68361
0.123906 4.17858
0.125664 3.52333
0.127397 3.62125
0.129107 3.15384
0.132461 2.21645
0.134107 2.94654
0.135732 2.72062
0.137339 2.50477
0.138926 2.66548
0.140496 2.06168
0.142049 1.94842
0.145104 0.734428
0.146608 1.70616
0.148096 1.65676
0.14957 1.62495
0.151029 1.64608
0.152474 1.56625
0.153906 1.40366
0.15673 1.18057
0.158123 1.19579
0.159504 1.17122
0.160874 1.00459
0.163577 1.17708
0.164913 0.885585
0.167552 0.850345
0.168856 0.757626
0.170149 0.881711
0.171434 0.799187
0.172708 0.752122
0.173974 0.668239
0.17523 0.731241
0.177715 0.847939
0.178945 0.501804
0.180167 0.612076
0.18138 0.663369
0.182585 0.460441
0.183782 0.514763
0.184972 0.567539
0.187328 0.447817
0.188496 0.552082
0.190347 0.412825
0.191954 0.495403
0.193094 0.385017
0.194226 0.423113
0.196472 0.390736
0.197585 0.411132
0.199006 0.429054
0.201976 0.393599
0.203059 0.288998
0.205208 0.292489
0.206274 0.340352
0.207335 0.281072
0.20839 0.319803
0.210326 0.292545
0.211524 0.340166
0.213587 0.210711
0.214612 0.227103
0.215631 0.246342
0.216957 0.235509
0.218661 0.191466
0.219662 0.25603
0.223129 0.180429
0.224599 0.172536
0.22618 0.201848
0.22751 0.224687
0.229429 0.168893
0.230383 0.182233
0.231604 0.173234
0.23416 0.14277
0.235095 0.144625
0.236954 0.175374
0.238108 0.155966
0.239975 0.144621
0.241537 0.120293
0.242444 0.130537
0.244844 0.112138
0.246417 0.108883
0.248401 0.116056
0.249576 0.0980546
0.251327 0.0884876
0.252777 0.110542
0.254191 0.10716
0.25601 0.103125
0.258214 0.0906211
0.2594 0.08494
0.26075 0.060416
0.262904 0.0793152
0.265657 0.0833714
0.266722 0.0626703
0.268622 0.0653591
0.269844 0.0848435
0.271964 0.0731724
0.273543 0.0697801
0.275842 0.0600159
0.277853 0.0778306
0.279641 0.0635015
0.28148 0.0668175
0.282936 0.0553298
0.285198 0.0605336
0.286404 0.0496864
0.288084 0.0526278
0.291553 0.0473421
0.292736 0.0518279
0.294335 0.0478468
0.296659 0.042254
0.298323 0.0382359
0.300394 0.0435643
0.302928 0.0372221
0.304588 0.0367326
0.305974 0.0402175
0.308578 0.035731
0.310884 0.0324112
0.312408 0.0300062
0.314799 0.0313902
0.317265 0.033481
0.319597 0.0274569
0.320771 0.0260631
0.3227 0.0270155
0.32574 0.02712
0.32795 0.0261999
0.330224 0.0269051
0.331726 0.0226856
0.333831 0.0240241
0.336246 0.0224464
0.338319 0.0238267
0.341157 0.022067
0.343593 0.0179415
0.346262 0.0179223
0.347842 0.0161604
0.350326 0.0188467
0.352828 0.0153891
0.354442 0.0162578
0.356776 0.0162895
0.359142 0.0160129
0.361681 0.0144583
0.363857 0.0141519
0.366441 0.0127934
0.368657 0.0135775
0.371486 0.014011
0.374587 0.0115946
0.376839 0.0120629
0.379079 0.0118039
0.38178 0.00938912
0.384712 0.0106914
0.386663 0.00933512
0.389313 0.00974774
0.39167 0.00995499
0.394428 0.0098333
0.397811 0.00868297
0.400019 0.0102545
0.402781 0.0088164
0.405015 0.00850573
0.40766 0.00886839
0.410865 0.00740762
0.413244 0.00772235
0.416084 0.00684456
0.418986 0.00712777
0.421544 0.00666828
0.424534 0.00645847
0.42751 0.00572999
0.430034 0.00660125
0.432751 0.00609395
0.436344 0.00485546
0.438896 0.00596924
0.44171 0.00497218
0.444585 0.00500983
0.447784 0.00477795
0.45034 0.0044099
0.453413 0.00425251
0.456575 0.00383947
0.459787 0.00404683
0.462622 0.00390313
0.465862 0.00391961
0.468802 0.00388402
0.471915 0.00345844
0.475472 0.00329638
0.478779 0.00347803
0.481919 0.00333335
0.484939 0.0030904
0.488502 0.0029416
0.491034 0.00286177
0.494348 0.00270505
0.497688 0.00255543
0.500527 0.00275719
0.504331 0.0024558
0.507364 0.00245458
0.510774 0.00236077
0.514275 0.00226604
0.517978 0.00211798
0.521294 0.00210624
0.524822 0.0018963
0.527973 0.00189536
0.531698 0.00186884
0.535226 0.00181378
0.539103 0.00170167
0.543 0.00162117
0.546011 0.00163211
0.549827 0.00151719
0.55369 0.0014727
0.557166 0.00147158
0.560475 0.00145347
0.564609 0.00139032
0.56859 0.00125791
0.572441 0.0012344
0.5763 0.00116173
0.580121 0.00117527
0.583625 0.00111692
0.587525 0.0010912
0.591428 0.00101811
0.595301 0.00100454
0.599624 0.000998141
0.603294 0.000944088
0.60771 0.000878339
0.611568 0.0009326
0.615779 0.000849863
0.619303 0.00083037
0.623194 0.000771531
0.627636 0.000764556
0.631826 0.000739802
0.635971 0.000695035
0.64039 0.000723333
0.644956 0.000657108
0.649302 0.000658316
0.653461 0.000638908
0.657644 0.00060176
0.662026 0.000583678
0.666685 0.000532798
0.670916 0.000561065
0.675462 0.000535848
0.679703 0.000513458
0.684292 0.000500933
0.688927 0.000466545
0.693468 0.000449247
0.698026 0.000423717
0.702952 0.000418342
0.707372 0.000403814
0.712317 0.000401176
0.716936 0.00037624
0.721869 0.000366164
0.726964 0.000351052
0.73163 0.000334104
0.736224 0.000321432
0.74119 0.000312034
0.746118 0.00030465
0.751313 0.00027934
0.756133 0.00029322
0.761156 0.000279233
0.766095 0.000271217
0.771205 0.00025841
0.776456 0.000255322
0.781432 0.000236425
0.786733 0.000228784
0.791574 0.00022506
0.797255 0.000216634
0.802676 0.000203678
0.808005 0.000207755
0.813482 0.000194943
0.818759 0.000196749
0.824173 0.000176913
0.829708 0.000175112
0.834919 0.000174202
0.840568 0.000163332
0.846479 0.000159071
0.851948 0.000151125
0.857592 0.000145142
0.863369 0.000146831
0.869182 0.000136219
0.874831 0.000133762
0.880682 0.000130033
0.886294 0.000126112
0.892352 0.000120882
0.898399 0.000121492
0.904229 0.000110468
0.910231 0.000107678
0.916513 0.000102641
0.922651 9.94791e-05
0.92895 9.8091e-05
0.935092 9.20316e-05
0.940995 8.96755e-05
0.947406 8.86254e-05
0.953652 8.42247e-05
0.960017 7.98144e-05
0.966595 8.08411e-05
0.972908 7.58815e-05
0.979222 7.2969e-05
0.985855 7.20084e-05
0.992666 6.93853e-05
0.998881 6.59553e-05
1.00551 6.23052e-05
1.01216 6.28836e-05
1.01908 6.13625e-05
1.02599 5.8027e-05
1.03271 5.60898e-05
1.03948 5.48871e-05
1.04641 5.17178e-05
1.05346 5.12061e-05
1.06036 4.89475e-05
1.0676 4.76474e-05
1.07471 4.63084e-05
1.08175 4.33885e-05
1.08895 4.2678e-05
1.09637 4.28113e-05
1.10369 4.03893e-05
1.11092 3.84882e-05
1.1181 3.7989e-05
1.12573 3.57307e-05
1.1332 3.49666e-05
1.14081 3.45373e-05
1.14829 3.23521e-05
1.15605 3.24016e-05
1.16374 3.05413e-05
1.1717 2.94498e-05
1.17935 2.79483e-05
1.18713 2.73304e-05
1.195 2.61476e-05
1.20281 2.56017e-05
1.21088 2.49507e-05
1.21904 2.41422e-05
1.22715 2.31149e-05
1.23533 2.2143e-05
1.24354 2.18122e-05
1.25174 2.06284e-05
1.26013 1.99072e-05
1.26845 1.96684e-05
1.27706 1.89558e-05
1.28545 1.8392e-05
1.29387 1.7703e-05
1.3027 1.69809e-05
1.31143 1.64145e-05
1.3202 1.59872e-05
1.32891 1.51845e-05
1.33775 1.4617e-05
1.34663 1.4329e-05
1.35548 1.36559e-05
1.3645 1.33016e-05
1.37362 1.32336e-05
1.38289 1.24276e-05
1.39214 1.18613e-05
1.40146 1.16234e-05
1.41076 1.11578e-05
1.42016 1.09202e-05
1.42955 1.06357e-05
1.43897 1.01433e-05
1.44856 9.75553e-06
1.45815 9.48537e-06
1.46783 9.12932e-06
1.47755 8.70018e-06
1.48753 8.5514e-06
1.4975 8.30503e-06
1.50759 8.00829e-06
1.51744 7.77545e-06
1.52762 7.50749e-06
1.53782 7.25571e-06
1.54798 6.98159e-06
1.55817 6.87256e-06
1.56867 6.63082e-06
1.579 6.37154e-06
1.58955 6.11277e-06
1.60018 5.90966e-06
1.61084 5.78647e-06
1.62148 5.49604e-06
1.63242 5.35755e-06
1.64322 5.17276e-06
1.65411 4.97446e-06
1.66512 4.82272e-06
1.67627 4.62833e-06
1.68736 4.55688e-06
1.69863 4.37836e-06
1.70994 4.18019e-06
1.72135 4.01958e-06
1.73279 3.93245e-06
1.74428 3.76261e-06
1.75588 3.63804e-06
1.76756 3.53066e-06
1.77941 3.43851e-06
1.79124 3.29964e-06
1.80325 3.19677e-06
1.81507 3.14118e-06
1.82722 2.9938e-06
1.83948 2.88917e-06
1.85166 2.79569e-06
1.86408 2.71067e-06
1.87633 2.62812e-06
1.88886 2.52368e-06
1.90144 2.43193e-06
1.914 2.35862e-06
1.92679 2.25631e-06
1.93957 2.19666e-06
1.95256 2.12107e-06
1.96563 2.06174e-06
1.97869 1.99244e-06
1.99179 1.91534e-06
2.00509 1.85178e-06
2.01846 1.79119e-06
2.03193 1.74217e-06
2.04528 1.67441e-06
2.05892 1.61412e-06
2.07279 1.54582e-06
2.0865 1.51126e-06
2.10039 1.44814e-06
2.11443 1.39876e-06
2.12845 1.36521e-06
2.14263 1.31031e-06
2.15695 1.27568e-06
2.17119 1.22225e-06
2.18567 1.18561e-06
2.20036 1.14509e-06
2.21494 1.10706e-06
2.22958 1.06393e-06
2.24445 1.02498e-06
2.25936 9.93534e-07
2.27439 9.61144e-07
2.28969 9.31093e-07
2.30493 8.93183e-07
2.32027 8.65065e-07
2.33573 8.34218e-07
2.35122 8.05627e-07
2.3669 7.76458e-07
2.38266 7.49535e-07
2.39847 7.26193e-07
2.41442 7.03582e-07
2.43055 6.75081e-07
2.44673 6.52709e-07
2.4629 6.32059e-07
2.47932 6.12025e-07
2.4959 5.87677e-07
2.51254 5.67146e-07
2.52927 5.48039e-07
2.54604 5.29155e-07
2.56299 5.12291e-07
2.58009 4.96477e-07
2.5973 4.79802e-07
2.61455 4.60728e-07
2.63195 4.4513e-07
2.64948 4.28306e-07
2.66707 4.1442e-07
2.68485 4.00852e-07
2.70286 3.87011e-07
2.72085 3.71882e-07
2.73892 3.59424e-07
2.75712 3.46058e-07
2.77543 3.35031e-07
2.79389 3.25172e-07
2.81251 3.14227e-07
2.83127 3.03055e-07
2.85007 2.9149e-07
2.86897 2.81844e-07
2.88818 2.72404e-07
2.90739 2.62061e-07
2.92669 2.53387e-07
2.94616 2.44859e-07
2.96573 2.36007e-07
2.98548 2.27211e-07
3.00539 2.19068e-07
3.02539 2.11154e-07
3.04557 2.03677e-07
3.06592 1.97385e-07
3.0863 1.90401e-07
3.10684 1.83319e-07
3.12756 1.77238e-07
3.1484 1.70384e-07
3.16935 1.64313e-07
3.19042 1.58249e-07
3.21172 1.52375e-07
3.2331 1.46525e-07
3.25451 1.42786e-07
3.27615 1.37501e-07
3.2979 1.32007e-07
3.31984 1.27767e-07
3.34198 1.2283e-07
3.3643 1.18517e-07
3.38673 1.14279e-07
3.40918 1.10675e-07
3.43196 1.06402e-07
3.45493 1.02865e-07
3.47788 9.88905e-08
3.50098 9.52091e-08
3.52428 9.22994e-08
3.54776 8.89589e-08
3.5713 8.55297e-08
3.59506 8.25724e-08
3.61902 7.9507e-08
3.64313 7.68421e-08
3.66736 7.40137e-08
3.69182 7.10602e-08
3.71639 6.86888e-08
3.7411 6.58033e-08
3.76602 6.37703e-08
3.7911 6.12694e-08
3.81637 5.90621e-08
3.8418 5.70818e-08
3.8673 5.48776e-08
3.89298 5.30913e-08
3.91895 5.11374e-08
3.94503 4.94061e-08
3.97125 4.73457e-08
3.99772 4.55241e-08
4.02443 4.38918e-08
4.05121 4.24953e-08
4.07809 4.08957e-08
4.10526 3.93781e-08
4.13259 3.80219e-08
4.16008 3.65011e-08
4.18785 3.52693e-08
4.21573 3.38544e-08
4.24371 3.2695e-08
4.27197 3.1505e-08
4.30044 3.036e-08
4.32905 2.91761e-08
4.35788 2.81306e-08
4.38688 2.71509e-08
4.41605 2.61436e-08
4.44546 2.51758e-08
4.47509 2.418e-08
4.50493 2.33083e-08
4.53494 2.25607e-08
4.56506 2.16265e-08
4.59545 2.08401e-08
4.62609 2.00612e-08
4.65691 1.92643e-08
4.68789 1.85933e-08
4.71906 1.79222e-08
4.75048 1.72317e-08
4.78209 1.65689e-08
4.8139 1.59915e-08
4.84595 1.53594e-08
4.87821 1.48127e-08
4.91071 1.42283e-08
4.94338 1.37342e-08
4.97629 1.32119e-08
5.00945 1.27216e-08
5.04276 1.22535e-08
5.07626 1.18201e-08
5.1101 1.13716e-08
5.14418 1.09375e-08
5.1784 1.05161e-08
5.21287 1.01475e-08
5.24757 9.73904e-09
5.2825 9.40069e-09
5.31768 9.05146e-09
5.35308 8.69185e-09
5.38871 8.37365e-09
5.42459 8.05992e-09
5.46071 7.73871e-09
5.49705 7.44172e-09
5.53363 7.17353e-09
5.57046 6.90118e-09
5.60749 6.64904e-09
5.64482 6.39947e-09
5.68244 6.15638e-09
5.72029 5.93079e-09
5.7584 5.69089e-09
5.79671 5.47414e-09
5.83528 5.26652e-09
5.87416 5.07238e-09
5.91325 4.88235e-09
5.95258 4.69485e-09
5.99221 4.52016e-09
6.03213 4.35033e-09
6.07232 4.18896e-09
6.11272 4.02583e-09
6.15341 3.8741e-09
6.1944 3.72355e-09
6.23563 3.5791e-09
6.27716 3.45106e-09
6.31895 3.31447e-09
6.36099 3.19011e-09
6.40334 3.06731e-09
6.44597 2.95463e-09
6.48883 2.84623e-09
6.53202 2.7317e-09
6.57553 2.62325e-09
6.61931 2.53111e-09
6.66339 2.43528e-09
6.70776 2.34248e-09
6.7524 2.2517e-09
6.79737 2.16538e-09
6.84263 2.08409e-09
6.88816 2.00287e-09
6.93399 1.92802e-09
6.98015 1.85728e-09
7.02663 1.78471e-09
7.0734 1.71424e-09
7.12047 1.6537e-09
7.16789 1.58747e-09
7.21564 1.52793e-09
7.26365 1.47074e-09
7.312 1.41492e-09
7.36069 1.35953e-09
7.40968 1.3093e-09
7.459 1.25739e-09
7.50862 1.21095e-09
7.5586 1.16537e-09
7.60894 1.11945e-09
7.65961 1.07787e-09
7.7106 1.03732e-09
7.76192 9.97178e-10
7.81363 9.59604e-10
7.86566 9.23506e-10
7.91801 8.90002e-10
7.97072 8.56404e-10
8.02376 8.23581e-10
8.07717 7.93185e-10
8.13095 7.62139e-10
8.18507 7.33869e-10
8.23956 7.05454e-10
8.29442 6.79938e-10
8.34962 6.54773e-10
8.40521 6.30195e-10
8.46119 6.06549e-10
8.51752 5.84e-10
8.57417 5.6213e-10
8.63126 5.4159e-10
8.68876 5.21232e-10
8.74657 5.02954e-10
8.80479 4.84598e-10
8.86345 4.67429e-10
8.92244 4.49917e-10
8.98183 4.33762e-10
9.04164 4.17913e-10
9.10181 4.03484e-10
9.1624 3.89235e-10
9.22341 3.75489e-10
9.28477 3.61728e-10
9.34659 3.49101e-10
9.40883 3.37246e-10
9.47148 3.25477e-10
9.53453 3.1422e-10
9.59797 3.03738e-10
9.66188 2.93547e-10
9.72619 2.83799e-10
9.79093 2.74678e-10
9.85612 2.65682e-10
9.92173 2.57192e-10
9.98778 2.48897e-10
10.0543 2.41318e-10
10.1212 2.33881e-10
10.1886 2.26906e-10
10.2564 2.20165e-10
10.3247 2.13851e-10
10.3934 2.0771e-10
10.4626 2.01893e-10
10.5323 1.96431e-10
10.6024 1.91337e-10
10.6729 1.86677e-10
10.7439 1.81355e-10
10.8154 1.75013e-10
10.8874 1.68871e-10
10.9599 1.62913e-10
11.0329 1.57209e-10
11.1063 1.51714e-10
11.1802 1.46407e-10
11.2546 1.41373e-10
11.3296 1.36537e-10
11.405 1.31866e-10
11.4809 1.27405e-10
11.5573 1.2319e-10
11.6343 1.18988e-10
11.7117 1.15116e-10
11.7897 1.11309e-10
11.8682 1.07652e-10
11.9472 1.04042e-10
12.0267 1.00796e-10
12.1068 9.76085e-11
12.1874 9.44583e-11
12.2685 9.15361e-11
12.3502 8.86648e-11
12.4324 8.57806e-11
12.5151 8.32787e-11
12.5985 8.07943e-11
12.6823 7.84566e-11
12.7667 7.61072e-11
12.8517 7.40056e-11
12.9373 7.19458e-11
13.0234 6.98101e-11
13.1101 6.79741e-11
13.1973 6.61653e-11
13.2852 6.43996e-11
13.3736 6.27682e-11
13.4626 6.12513e-11
13.5522 5.9772e-11
13.6424 5.82601e-11
13.7332 5.69925e-11
13.8247 5.57289e-11
13.9167 5.44994e-11
14.0093 5.34709e-11
14.1025 5.24247e-11
14.1964 5.13632e-11
14.2909 5.03779e-11
14.386 4.94566e-11
14.4818 4.85925e-11
14.5781 4.77496e-11
14.6751 4.68481e-11
14.7727 4.59459e-11
14.8711 4.504e-11
14.97 4.39576e-11
15.0695 4.27083e-11
15.1698 4.11835e-11
15.2709 3.98522e-11
15.3726 3.88168e-11
15.4749 3.77775e-11
15.5779 3.68962e-11
15.6816 3.6126e-11
15.786 3.55019e-11
15.8911 3.48765e-11
15.9968 3.43269e-11
16.1033 3.37878e-11
16.2104 3.33653e-11
16.3183 3.29102e-11
16.4269 3.26965e-11
16.5362 3.23502e-11
16.6462 3.2258e-11
16.757 3.21134e-11
16.8685 3.20069e-11
16.9806 3.20486e-11
17.0936 3.21378e-11
17.2072 3.23223e-11
17.3216 3.28442e-11
17.4366 3.32453e-11
17.5525 3.38119e-11
17.6693 3.46217e-11
17.7861 3.54816e-11
17.9035 3.62838e-11
18.0221 3.76655e-11
18.1408 3.91345e-11
18.2586 4.03657e-11
18.374 4.12903e-11
18.4789 4.42752e-11
