# in Mpc/h Units 
# (k P_nu(k))
# a= 0.327363
# nk = 757
0.020944 1221.75
0.0296192 619.787
0.036276 371.632
0.0418879 246.767
0.0468321 180.941
0.051302 142.311
0.0592384 97.8688
0.0628319 83.3362
0.0662306 69.4722
0.0694632 60.7999
0.072552 54.1489
0.0755145 43.0291
0.0783651 37.8069
0.0837758 32.8584
0.0863541 25.564
0.0888577 22.1233
0.0912926 20.7152
0.0936642 20.0803
0.0959772 16.3494
0.0982358 14.7824
0.102604 13.404
0.10472 11.4646
0.106794 10.4827
0.108828 9.41314
0.112787 9.06113
0.114715 8.35
0.118477 7.77684
0.120314 7.49868
0.122123 6.86989
0.123906 6.27254
0.125664 5.59284
0.127397 5.56635
0.129107 5.03376
0.132461 3.96175
0.134107 4.56594
0.135732 4.30072
0.137339 4.05076
0.138926 4.13497
0.140496 3.44782
0.142049 3.2502
0.145104 1.95265
0.146608 2.86478
0.148096 2.78184
0.14957 2.65503
0.151029 2.6081
0.152474 2.55809
0.153906 2.35003
0.15673 2.10853
0.158123 2.02804
0.159504 1.93836
0.160874 1.81025
0.163577 1.91838
0.164913 1.62618
0.167552 1.51174
0.168856 1.43945
0.170149 1.52139
0.171434 1.43956
0.172708 1.36892
0.173974 1.21902
0.17523 1.27798
0.177715 1.42286
0.178945 1.02987
0.180167 1.17027
0.18138 1.2059
0.182585 0.992734
0.183782 1.03483
0.184972 1.04387
0.187328 0.904537
0.188496 1.04644
0.190347 0.858378
0.191954 0.944511
0.193094 0.782617
0.194226 0.815575
0.196472 0.800006
0.197585 0.8073
0.199006 0.81442
0.201976 0.757087
0.203059 0.624705
0.205208 0.607869
0.206274 0.648665
0.207335 0.577852
0.20839 0.630184
0.210326 0.581587
0.211524 0.621572
0.213587 0.465634
0.214612 0.471516
0.215631 0.491789
0.216957 0.467703
0.218661 0.435618
0.219662 0.487289
0.223129 0.391208
0.224599 0.369906
0.22618 0.409491
0.22751 0.430683
0.229429 0.331936
0.230383 0.375753
0.231604 0.361992
0.23416 0.320331
0.235095 0.302208
0.236954 0.341435
0.238108 0.320383
0.239975 0.308757
0.241537 0.273075
0.242444 0.267488
0.244844 0.255787
0.246417 0.241356
0.248401 0.256477
0.249576 0.220976
0.251327 0.204805
0.252777 0.229596
0.254191 0.235094
0.25601 0.229135
0.258214 0.191268
0.2594 0.193066
0.26075 0.153107
0.262904 0.182719
0.265657 0.178761
0.266722 0.154259
0.268622 0.157952
0.269844 0.177623
0.271964 0.158771
0.273543 0.154441
0.275842 0.136702
0.277853 0.177966
0.279641 0.142144
0.28148 0.151606
0.282936 0.125089
0.285198 0.137972
0.286404 0.121141
0.288084 0.120464
0.291553 0.10885
0.292736 0.121287
0.294335 0.109518
0.296659 0.0985053
0.298323 0.0921058
0.300394 0.0972827
0.302928 0.08974
0.304588 0.0912393
0.305974 0.0966843
0.308578 0.0854082
0.310884 0.0786692
0.312408 0.0731247
0.314799 0.0744543
0.317265 0.0797374
0.319597 0.0680371
0.320771 0.065192
0.3227 0.0682395
0.32574 0.0663861
0.32795 0.0625662
0.330224 0.0627178
0.331726 0.0585063
0.333831 0.0571649
0.336246 0.0539775
0.338319 0.0545545
0.341157 0.0528332
0.343593 0.0446812
0.346262 0.043599
0.347842 0.0416506
0.350326 0.0466302
0.352828 0.0375865
0.354442 0.0382372
0.356776 0.039787
0.359142 0.0379531
0.361681 0.0369245
0.363857 0.0363617
0.366441 0.0324586
0.368657 0.0342514
0.371486 0.0357238
0.374587 0.0286669
0.376839 0.0307867
0.379079 0.0309278
0.38178 0.0266528
0.384712 0.0252722
0.386663 0.0235809
0.389313 0.0248524
0.39167 0.0250418
0.394428 0.0243221
0.397811 0.0218753
0.400019 0.0254109
0.402781 0.022744
0.405015 0.0220398
0.40766 0.0222624
0.410865 0.0190518
0.413244 0.0196923
0.416084 0.0179762
0.418986 0.018043
0.421544 0.0169275
0.424534 0.0167253
0.42751 0.014153
0.430034 0.0169252
0.432751 0.0155983
0.436344 0.014257
0.438896 0.014819
0.44171 0.0134153
0.444585 0.0124643
0.447784 0.0116565
0.45034 0.0114523
0.453413 0.0109647
0.456575 0.0100371
0.459787 0.0105558
0.462622 0.0100395
0.465862 0.0100899
0.468802 0.00934346
0.471915 0.00914183
0.475472 0.00874935
0.478779 0.00904054
0.481919 0.00863206
0.484939 0.00790082
0.488502 0.00782683
0.491034 0.00756663
0.494348 0.00679025
0.497688 0.00674312
0.500527 0.00718528
0.504331 0.00675967
0.507364 0.00648087
0.510774 0.00601185
0.514275 0.00580729
0.517978 0.00558615
0.521294 0.00534249
0.524822 0.00500045
0.527973 0.00495829
0.531698 0.0048606
0.535226 0.00464868
0.539103 0.00457552
0.543 0.00449531
0.546011 0.00416116
0.549827 0.0039539
0.55369 0.00405614
0.557166 0.00376341
0.560475 0.00389396
0.564609 0.00363431
0.56859 0.0035789
0.572441 0.00341789
0.5763 0.00319209
0.580121 0.00312969
0.583625 0.00310728
0.587525 0.00281341
0.591428 0.00276932
0.595301 0.00264423
0.599624 0.00268581
0.603294 0.00260891
0.60771 0.00235568
0.611568 0.00241494
0.615779 0.00233242
0.619303 0.0022192
0.623194 0.00207784
0.627636 0.00205614
0.631826 0.00196215
0.635971 0.0018168
0.64039 0.00194102
0.644956 0.00184647
0.649302 0.00176845
0.653461 0.00170138
0.657644 0.00160194
0.662026 0.00156142
0.666685 0.00148222
0.670916 0.00141248
0.675462 0.00136017
0.679703 0.00140052
0.684292 0.00131065
0.688927 0.00127796
0.693468 0.00119717
0.698026 0.00112891
0.702952 0.00113924
0.707372 0.00105024
0.712317 0.00105271
0.716936 0.000990683
0.721869 0.00101221
0.726964 0.000923886
0.73163 0.000865132
0.736224 0.000857139
0.74119 0.000862054
0.746118 0.000807835
0.751313 0.000775151
0.756133 0.000784201
0.761156 0.000739553
0.766095 0.000718095
0.771205 0.00067409
0.776456 0.000679125
0.781432 0.00062046
0.786733 0.000592231
0.791574 0.000607221
0.797255 0.00057076
0.802676 0.000548796
0.808005 0.000536249
0.813482 0.000517445
0.818759 0.000513853
0.824173 0.00048078
0.829708 0.00047158
0.834919 0.000447973
0.840568 0.000422157
0.846479 0.000439234
0.851948 0.000406135
0.857592 0.000382848
0.863369 0.00037779
0.869182 0.000367218
0.874831 0.000352034
0.880682 0.000348183
0.886294 0.000322362
0.892352 0.000317448
0.898399 0.000302531
0.904229 0.000295571
0.910231 0.00028794
0.916513 0.000269477
0.922651 0.000260259
0.92895 0.000253943
0.935092 0.000246662
0.940995 0.000239265
0.947406 0.000231203
0.953652 0.000219974
0.960017 0.000210214
0.966595 0.000207789
0.972908 0.000202818
0.979222 0.000187808
0.985855 0.000186723
0.992666 0.000187946
0.998881 0.000177386
1.00551 0.000167637
1.01216 0.000162852
1.01908 0.000156947
1.02599 0.000150671
1.03271 0.000143998
1.03948 0.000139451
1.04641 0.000136677
1.05346 0.000132724
1.06036 0.000126037
1.0676 0.00012296
1.07471 0.000118282
1.08175 0.00011222
1.08895 0.00011021
1.09637 0.000106363
1.10369 0.000101253
1.11092 9.95043e-05
1.1181 9.54569e-05
1.12573 9.3648e-05
1.1332 8.96583e-05
1.14081 8.71456e-05
1.14829 8.18324e-05
1.15605 7.97829e-05
1.16374 7.71484e-05
1.1717 7.47128e-05
1.17935 7.20191e-05
1.18713 6.98408e-05
1.195 6.69168e-05
1.20281 6.4903e-05
1.21088 6.17914e-05
1.21904 6.05213e-05
1.22715 5.82714e-05
1.23533 5.67443e-05
1.24354 5.49487e-05
1.25174 5.20703e-05
1.26013 5.18347e-05
1.26845 4.94687e-05
1.27706 4.75257e-05
1.28545 4.5943e-05
1.29387 4.47895e-05
1.3027 4.30049e-05
1.31143 4.14838e-05
1.3202 4.01634e-05
1.32891 3.82363e-05
1.33775 3.73712e-05
1.34663 3.54416e-05
1.35548 3.4597e-05
1.3645 3.35389e-05
1.37362 3.26467e-05
1.38289 3.11527e-05
1.39214 3.03651e-05
1.40146 2.93986e-05
1.41076 2.80666e-05
1.42016 2.72902e-05
1.42955 2.65204e-05
1.43897 2.51167e-05
1.44856 2.4688e-05
1.45815 2.41277e-05
1.46783 2.32045e-05
1.47755 2.2313e-05
1.48753 2.11947e-05
1.4975 2.04713e-05
1.50759 1.97159e-05
1.51744 1.93665e-05
1.52762 1.86151e-05
1.53782 1.7893e-05
1.54798 1.75408e-05
1.55817 1.69974e-05
1.56867 1.61433e-05
1.579 1.5898e-05
1.58955 1.50446e-05
1.60018 1.45863e-05
1.61084 1.41167e-05
1.62148 1.36936e-05
1.63242 1.31298e-05
1.64322 1.28319e-05
1.65411 1.23023e-05
1.66512 1.20436e-05
1.67627 1.1648e-05
1.68736 1.11107e-05
1.69863 1.06636e-05
1.70994 1.03697e-05
1.72135 1.00623e-05
1.73279 9.6907e-06
1.74428 9.38891e-06
1.75588 9.02509e-06
1.76756 8.80908e-06
1.77941 8.59356e-06
1.79124 8.2002e-06
1.80325 7.89211e-06
1.81507 7.64486e-06
1.82722 7.33831e-06
1.83948 7.15601e-06
1.85166 6.89589e-06
1.86408 6.65344e-06
1.87633 6.43207e-06
1.88886 6.18003e-06
1.90144 5.97262e-06
1.914 5.80266e-06
1.92679 5.555e-06
1.93957 5.43974e-06
1.95256 5.24495e-06
1.96563 5.00735e-06
1.97869 4.84673e-06
1.99179 4.7331e-06
2.00509 4.61057e-06
2.01846 4.36349e-06
2.03193 4.3038e-06
2.04528 4.11229e-06
2.05892 4.03182e-06
2.07279 3.85743e-06
2.0865 3.712e-06
2.10039 3.58393e-06
2.11443 3.47476e-06
2.12845 3.34619e-06
2.14263 3.24278e-06
2.15695 3.12601e-06
2.17119 3.03619e-06
2.18567 2.92503e-06
2.20036 2.81729e-06
2.21494 2.70604e-06
2.22958 2.63046e-06
2.24445 2.56379e-06
2.25936 2.45489e-06
2.27439 2.38405e-06
2.28969 2.30236e-06
2.30493 2.236e-06
2.32027 2.15264e-06
2.33573 2.07528e-06
2.35122 2.01853e-06
2.3669 1.95408e-06
2.38266 1.87178e-06
2.39847 1.81681e-06
2.41442 1.75131e-06
2.43055 1.69006e-06
2.44673 1.6367e-06
2.4629 1.5811e-06
2.47932 1.5277e-06
2.4959 1.47772e-06
2.51254 1.43463e-06
2.52927 1.37804e-06
2.54604 1.33404e-06
2.56299 1.29218e-06
2.58009 1.24606e-06
2.5973 1.20537e-06
2.61455 1.16395e-06
2.63195 1.12672e-06
2.64948 1.0852e-06
2.66707 1.05537e-06
2.68485 1.01843e-06
2.70286 9.75774e-07
2.72085 9.50859e-07
2.73892 9.17911e-07
2.75712 8.84234e-07
2.77543 8.57607e-07
2.79389 8.2606e-07
2.81251 7.94867e-07
2.83127 7.69135e-07
2.85007 7.43004e-07
2.86897 7.24054e-07
2.88818 6.98078e-07
2.90739 6.74894e-07
2.92669 6.52091e-07
2.94616 6.28541e-07
2.96573 6.10251e-07
2.98548 5.89503e-07
3.00539 5.65147e-07
3.02539 5.52419e-07
3.04557 5.32713e-07
3.06592 5.15727e-07
3.0863 4.98308e-07
3.10684 4.80776e-07
3.12756 4.6394e-07
3.1484 4.49575e-07
3.16935 4.32337e-07
3.19042 4.17844e-07
3.21172 4.04655e-07
3.2331 3.91271e-07
3.25451 3.77291e-07
3.27615 3.64046e-07
3.2979 3.53723e-07
3.31984 3.41119e-07
3.34198 3.28768e-07
3.3643 3.19661e-07
3.38673 3.083e-07
3.40918 2.9749e-07
3.43196 2.86148e-07
3.45493 2.78395e-07
3.47788 2.68751e-07
3.50098 2.6023e-07
3.52428 2.50772e-07
3.54776 2.42086e-07
3.5713 2.34568e-07
3.59506 2.25172e-07
3.61902 2.1958e-07
3.64313 2.11283e-07
3.66736 2.04155e-07
3.69182 1.97437e-07
3.71639 1.90658e-07
3.7411 1.83942e-07
3.76602 1.77947e-07
3.7911 1.72542e-07
3.81637 1.66449e-07
3.8418 1.60594e-07
3.8673 1.55142e-07
3.89298 1.5049e-07
3.91895 1.45183e-07
3.94503 1.40388e-07
3.97125 1.35549e-07
3.99772 1.30894e-07
4.02443 1.2645e-07
4.05121 1.22304e-07
4.07809 1.177e-07
4.10526 1.13837e-07
4.13259 1.09919e-07
4.16008 1.06363e-07
4.18785 1.02977e-07
4.21573 9.91348e-08
4.24371 9.5665e-08
4.27197 9.29421e-08
4.30044 8.94068e-08
4.32905 8.64754e-08
4.35788 8.36297e-08
4.38688 8.07469e-08
4.41605 7.8314e-08
4.44546 7.52713e-08
4.47509 7.2612e-08
4.50493 7.03643e-08
4.53494 6.78247e-08
4.56506 6.55251e-08
4.59545 6.32838e-08
4.62609 6.10581e-08
4.65691 5.89294e-08
4.68789 5.70951e-08
4.71906 5.50657e-08
4.75048 5.32524e-08
4.78209 5.14194e-08
4.8139 4.96051e-08
4.84595 4.80255e-08
4.87821 4.64229e-08
4.91071 4.47658e-08
4.94338 4.32266e-08
4.97629 4.18045e-08
5.00945 4.04075e-08
5.04276 3.89826e-08
5.07626 3.77071e-08
5.1101 3.63994e-08
5.14418 3.51855e-08
5.1784 3.39683e-08
5.21287 3.28135e-08
5.24757 3.17197e-08
5.2825 3.06418e-08
5.31768 2.96087e-08
5.35308 2.86309e-08
5.38871 2.76322e-08
5.42459 2.6652e-08
5.46071 2.57811e-08
5.49705 2.49563e-08
5.53363 2.40874e-08
5.57046 2.32274e-08
5.60749 2.24778e-08
5.64482 2.17631e-08
5.68244 2.09683e-08
5.72029 2.02678e-08
5.7584 1.95951e-08
5.79671 1.89255e-08
5.83528 1.82811e-08
5.87416 1.76392e-08
5.91325 1.70486e-08
5.95258 1.64858e-08
5.99221 1.59267e-08
6.03213 1.54021e-08
6.07232 1.48705e-08
6.11272 1.43742e-08
6.15341 1.38873e-08
6.1944 1.33971e-08
6.23563 1.29629e-08
6.27716 1.25257e-08
6.31895 1.21104e-08
6.36099 1.16843e-08
6.40334 1.12948e-08
6.44597 1.09151e-08
6.48883 1.05668e-08
6.53202 1.01861e-08
6.57553 9.84117e-09
6.61931 9.5087e-09
6.66339 9.18687e-09
6.70776 8.88094e-09
6.7524 8.57926e-09
6.79737 8.28262e-09
6.84263 8.00592e-09
6.88816 7.73192e-09
6.93399 7.47393e-09
6.98015 7.21325e-09
7.02663 6.98006e-09
7.0734 6.74632e-09
7.12047 6.51706e-09
7.16789 6.28884e-09
7.21564 6.07913e-09
7.26365 5.86605e-09
7.312 5.67148e-09
7.36069 5.48396e-09
7.40968 5.29829e-09
7.459 5.12813e-09
7.50862 4.94621e-09
7.5586 4.77882e-09
7.60894 4.61449e-09
7.65961 4.45682e-09
7.7106 4.31055e-09
7.76192 4.16464e-09
7.81363 4.02533e-09
7.86566 3.88833e-09
7.91801 3.76041e-09
7.97072 3.63493e-09
8.02376 3.51291e-09
8.07717 3.39186e-09
8.13095 3.28199e-09
8.18507 3.17039e-09
8.23956 3.06485e-09
8.29442 2.96235e-09
8.34962 2.86295e-09
8.40521 2.76848e-09
8.46119 2.67826e-09
8.51752 2.58802e-09
8.57417 2.50554e-09
8.63126 2.42116e-09
8.68876 2.34414e-09
8.74657 2.26431e-09
8.80479 2.1923e-09
8.86345 2.1195e-09
8.92244 2.05114e-09
8.98183 1.98639e-09
9.04164 1.92177e-09
9.10181 1.86207e-09
9.1624 1.80419e-09
9.22341 1.74604e-09
9.28477 1.69126e-09
9.34659 1.63824e-09
9.40883 1.58733e-09
9.47148 1.53895e-09
9.53453 1.49281e-09
9.59797 1.44795e-09
9.66188 1.40508e-09
9.72619 1.36491e-09
9.79093 1.32495e-09
9.85612 1.28793e-09
9.92173 1.25294e-09
9.98778 1.2175e-09
10.0543 1.18528e-09
10.1212 1.15245e-09
10.1886 1.12288e-09
10.2564 1.09261e-09
10.3247 1.06539e-09
10.3934 1.03963e-09
10.4626 1.01462e-09
10.5323 9.90993e-10
10.6024 9.68907e-10
10.6729 9.48673e-10
10.7439 9.24315e-10
10.8154 8.91408e-10
10.8874 8.60335e-10
10.9599 8.3053e-10
11.0329 8.02827e-10
11.1063 7.76055e-10
11.1802 7.51309e-10
11.2546 7.27237e-10
11.3296 7.0478e-10
11.405 6.82608e-10
11.4809 6.61057e-10
11.5573 6.41584e-10
11.6343 6.22571e-10
11.7117 6.043e-10
11.7897 5.86633e-10
11.8682 5.69795e-10
11.9472 5.54013e-10
12.0267 5.38004e-10
12.1068 5.22888e-10
12.1874 5.08538e-10
12.2685 4.94975e-10
12.3502 4.81516e-10
12.4324 4.6917e-10
12.5151 4.57063e-10
12.5985 4.45066e-10
12.6823 4.33774e-10
12.7667 4.23185e-10
12.8517 4.1336e-10
12.9373 4.02996e-10
13.0234 3.93465e-10
13.1101 3.84626e-10
13.1973 3.76072e-10
13.2852 3.678e-10
13.3736 3.60153e-10
13.4626 3.52861e-10
13.5522 3.45713e-10
13.6424 3.39394e-10
13.7332 3.3292e-10
13.8247 3.26966e-10
13.9167 3.21539e-10
14.0093 3.16161e-10
14.1025 3.1122e-10
14.1964 3.06352e-10
14.2909 3.02047e-10
14.386 2.9747e-10
14.4818 2.93059e-10
14.5781 2.89237e-10
14.6751 2.8517e-10
14.7727 2.80599e-10
14.8711 2.75755e-10
14.97 2.70153e-10
15.0695 2.63492e-10
15.1698 2.55845e-10
15.2709 2.48573e-10
15.3726 2.42737e-10
15.4749 2.37876e-10
15.5779 2.33865e-10
15.6816 2.29863e-10
15.786 2.26723e-10
15.8911 2.23708e-10
15.9968 2.21385e-10
16.1033 2.19009e-10
16.2104 2.17242e-10
16.3183 2.15744e-10
16.4269 2.14812e-10
16.5362 2.14386e-10
16.6462 2.14482e-10
16.757 2.14651e-10
16.8685 2.16069e-10
16.9806 2.16604e-10
17.0936 2.19215e-10
17.2072 2.21068e-10
17.3216 2.24838e-10
17.4366 2.28478e-10
17.5525 2.33715e-10
17.6693 2.38929e-10
17.7861 2.4697e-10
17.9035 2.53132e-10
18.0221 2.59915e-10
18.1408 2.72524e-10
18.2586 2.81371e-10
18.374 2.88463e-10
18.4789 3.14458e-10
