# in Mpc/h Units 
# (k P_nu(k))
# a= 0.135426
# nk = 757
0.020944 12.481
0.0296192 4.27111
0.036276 2.0294
0.0418879 1.15215
0.0468321 0.74659
0.051302 0.529213
0.0592384 0.310081
0.0628319 0.247595
0.0662306 0.197744
0.0694632 0.163651
0.072552 0.138052
0.0755145 0.109179
0.0783651 0.0920866
0.0837758 0.0713641
0.0863541 0.0567041
0.0888577 0.0482685
0.0912926 0.0430153
0.0936642 0.0393179
0.0959772 0.03275
0.0982358 0.0289859
0.102604 0.0244786
0.10472 0.0212126
0.106794 0.0191973
0.108828 0.0172026
0.112787 0.015513
0.114715 0.0141777
0.118477 0.0126371
0.120314 0.0119604
0.122123 0.0109997
0.123906 0.0100609
0.125664 0.0091207
0.127397 0.0087678
0.129107 0.00800855
0.132461 0.00656452
0.134107 0.00684026
0.135732 0.00641397
0.137339 0.00601543
0.138926 0.0058842
0.140496 0.00512869
0.142049 0.0047902
0.145104 0.00350912
0.146608 0.00407654
0.148096 0.00388899
0.14957 0.00365091
0.151029 0.00350133
0.152474 0.00339765
0.153906 0.00314613
0.15673 0.00283638
0.158123 0.00267017
0.159504 0.00252112
0.160874 0.00239658
0.163577 0.00235053
0.164913 0.00211405
0.167552 0.00191351
0.168856 0.00186019
0.170149 0.00185788
0.171434 0.00177869
0.172708 0.00169196
0.173974 0.0015418
0.17523 0.00155248
0.177715 0.00160505
0.178945 0.00133179
0.180167 0.00140963
0.18138 0.0014016
0.182585 0.00125328
0.183782 0.00125602
0.184972 0.00121902
0.187328 0.0011027
0.188496 0.00118167
0.190347 0.00103363
0.191954 0.00105728
0.193094 0.00093522
0.194226 0.00093543
0.196472 0.000913755
0.197585 0.000896578
0.199006 0.000878229
0.201976 0.000807586
0.203059 0.000720048
0.205208 0.000682227
0.206274 0.000690699
0.207335 0.000642489
0.20839 0.000663201
0.210326 0.00061653
0.211524 0.000623512
0.213587 0.000527949
0.214612 0.000511436
0.215631 0.00051708
0.216957 0.000489601
0.218661 0.000473784
0.219662 0.00048341
0.223129 0.000414372
0.224599 0.000393576
0.22618 0.000406361
0.22751 0.000408862
0.229429 0.000338293
0.230383 0.0003701
0.231604 0.000356971
0.23416 0.000326046
0.235095 0.000306358
0.236954 0.000319431
0.238108 0.000308119
0.239975 0.000298006
0.241537 0.00027433
0.242444 0.000262332
0.244844 0.000256131
0.246417 0.00024219
0.248401 0.000246227
0.249576 0.000224311
0.251327 0.000209924
0.252777 0.000217256
0.254191 0.0002194
0.25601 0.000213031
0.258214 0.000185472
0.2594 0.000185729
0.26075 0.000161238
0.262904 0.000174517
0.265657 0.000163081
0.266722 0.000152289
0.268622 0.000151103
0.269844 0.000155689
0.271964 0.000143006
0.273543 0.000138364
0.275842 0.000126738
0.277853 0.000147924
0.279641 0.000124507
0.28148 0.000128576
0.282936 0.000112841
0.285198 0.000116606
0.286404 0.000107834
0.288084 0.000103474
0.291553 9.49683e-05
0.292736 0.000101935
0.294335 9.22897e-05
0.296659 8.59254e-05
0.298323 8.21114e-05
0.300394 8.09915e-05
0.302928 7.72991e-05
0.304588 7.72794e-05
0.305974 7.75692e-05
0.308578 7.16649e-05
0.310884 6.72888e-05
0.312408 6.33757e-05
0.314799 6.2748e-05
0.317265 6.39892e-05
0.319597 5.77242e-05
0.320771 5.47805e-05
0.3227 5.61196e-05
0.32574 5.36502e-05
0.32795 5.05682e-05
0.330224 4.86336e-05
0.331726 4.7532e-05
0.333831 4.5844e-05
0.336246 4.31161e-05
0.338319 4.18071e-05
0.341157 4.07005e-05
0.343593 3.68487e-05
0.346262 3.51987e-05
0.347842 3.43656e-05
0.350326 3.54012e-05
0.352828 3.05458e-05
0.354442 3.00626e-05
0.356776 3.02508e-05
0.359142 2.86112e-05
0.361681 2.82832e-05
0.363857 2.77433e-05
0.366441 2.51875e-05
0.368657 2.57958e-05
0.371486 2.56285e-05
0.374587 2.17701e-05
0.376839 2.2709e-05
0.379079 2.26296e-05
0.38178 2.05437e-05
0.384712 1.89708e-05
0.386663 1.79589e-05
0.389313 1.83593e-05
0.39167 1.80004e-05
0.394428 1.74972e-05
0.397811 1.60623e-05
0.400019 1.69397e-05
0.402781 1.59143e-05
0.405015 1.51879e-05
0.40766 1.48243e-05
0.410865 1.33398e-05
0.413244 1.33217e-05
0.416084 1.26255e-05
0.418986 1.25634e-05
0.421544 1.1858e-05
0.424534 1.14683e-05
0.42751 1.01212e-05
0.430034 1.07089e-05
0.432751 1.03316e-05
0.436344 1.00933e-05
0.438896 9.37667e-06
0.44171 8.96426e-06
0.444585 8.21247e-06
0.447784 7.90199e-06
0.45034 7.67325e-06
0.453413 7.30591e-06
0.456575 6.80049e-06
0.459787 7.03466e-06
0.462622 6.5674e-06
0.465862 6.54209e-06
0.468802 6.13567e-06
0.471915 5.97248e-06
0.475472 5.72706e-06
0.478779 5.61272e-06
0.481919 5.42851e-06
0.484939 5.041e-06
0.488502 5.0094e-06
0.491034 4.74429e-06
0.494348 4.39264e-06
0.497688 4.35797e-06
0.500527 4.38843e-06
0.504331 4.17165e-06
0.507364 3.91985e-06
0.510774 3.75408e-06
0.514275 3.60786e-06
0.517978 3.46903e-06
0.521294 3.27392e-06
0.524822 3.11323e-06
0.527973 3.06857e-06
0.531698 2.87375e-06
0.535226 2.83458e-06
0.539103 2.78448e-06
0.543 2.67994e-06
0.546011 2.51308e-06
0.549827 2.38276e-06
0.55369 2.39416e-06
0.557166 2.1983e-06
0.560475 2.26515e-06
0.564609 2.10245e-06
0.56859 2.04867e-06
0.572441 2.01246e-06
0.5763 1.85825e-06
0.580121 1.74201e-06
0.583625 1.76213e-06
0.587525 1.61221e-06
0.591428 1.60045e-06
0.595301 1.48331e-06
0.599624 1.45611e-06
0.603294 1.43419e-06
0.60771 1.35001e-06
0.611568 1.30117e-06
0.615779 1.23199e-06
0.619303 1.19356e-06
0.623194 1.16328e-06
0.627636 1.10741e-06
0.631826 1.08811e-06
0.635971 9.96531e-07
0.64039 1.01046e-06
0.644956 9.75548e-07
0.649302 9.04721e-07
0.653461 8.70969e-07
0.657644 8.45363e-07
0.662026 8.25338e-07
0.666685 7.72307e-07
0.670916 7.4503e-07
0.675462 7.11271e-07
0.679703 7.04443e-07
0.684292 6.58584e-07
0.688927 6.24329e-07
0.693468 5.82803e-07
0.698026 5.8389e-07
0.702952 5.75045e-07
0.707372 5.23291e-07
0.712317 5.18681e-07
0.716936 5.13209e-07
0.721869 4.93534e-07
0.726964 4.51916e-07
0.73163 4.26699e-07
0.736224 4.23249e-07
0.74119 4.13145e-07
0.746118 3.9398e-07
0.751313 3.74193e-07
0.756133 3.77809e-07
0.761156 3.48719e-07
0.766095 3.41188e-07
0.771205 3.22372e-07
0.776456 3.15577e-07
0.781432 2.97699e-07
0.786733 2.7896e-07
0.791574 2.81954e-07
0.797255 2.67676e-07
0.802676 2.58501e-07
0.808005 2.40641e-07
0.813482 2.34299e-07
0.818759 2.2908e-07
0.824173 2.20297e-07
0.829708 2.07874e-07
0.834919 2.01621e-07
0.840568 1.94068e-07
0.846479 1.86039e-07
0.851948 1.73651e-07
0.857592 1.69447e-07
0.863369 1.63522e-07
0.869182 1.58487e-07
0.874831 1.53267e-07
0.880682 1.45648e-07
0.886294 1.38358e-07
0.892352 1.32854e-07
0.898399 1.26599e-07
0.904229 1.26205e-07
0.910231 1.19179e-07
0.916513 1.13178e-07
0.922651 1.07573e-07
0.92895 1.05356e-07
0.935092 1.02285e-07
0.940995 9.86737e-08
0.947406 9.57446e-08
0.953652 9.0318e-08
0.960017 8.37195e-08
0.966595 8.31685e-08
0.972908 7.96842e-08
0.979222 7.59425e-08
0.985855 7.38043e-08
0.992666 7.16728e-08
0.998881 6.67287e-08
1.00551 6.47194e-08
1.01216 6.33366e-08
1.01908 5.82527e-08
1.02599 5.73893e-08
1.03271 5.59939e-08
1.03948 5.29213e-08
1.04641 5.22865e-08
1.05346 4.89885e-08
1.06036 4.65349e-08
1.0676 4.52714e-08
1.07471 4.30278e-08
1.08175 4.14017e-08
1.08895 3.99284e-08
1.09637 3.91026e-08
1.10369 3.76924e-08
1.11092 3.58166e-08
1.1181 3.47745e-08
1.12573 3.36357e-08
1.1332 3.16013e-08
1.14081 3.11344e-08
1.14829 2.87345e-08
1.15605 2.79407e-08
1.16374 2.67506e-08
1.1717 2.57891e-08
1.17935 2.49335e-08
1.18713 2.37787e-08
1.195 2.29938e-08
1.20281 2.17767e-08
1.21088 2.15006e-08
1.21904 2.00166e-08
1.22715 1.91374e-08
1.23533 1.89538e-08
1.24354 1.76739e-08
1.25174 1.72742e-08
1.26013 1.65744e-08
1.26845 1.59101e-08
1.27706 1.54145e-08
1.28545 1.45293e-08
1.29387 1.39019e-08
1.3027 1.36432e-08
1.31143 1.29186e-08
1.3202 1.23365e-08
1.32891 1.20063e-08
1.33775 1.14477e-08
1.34663 1.11469e-08
1.35548 1.06319e-08
1.3645 1.01046e-08
1.37362 9.77513e-09
1.38289 9.36008e-09
1.39214 8.93535e-09
1.40146 8.55226e-09
1.41076 8.45199e-09
1.42016 7.93501e-09
1.42955 7.64845e-09
1.43897 7.44915e-09
1.44856 7.12122e-09
1.45815 6.75647e-09
1.46783 6.4699e-09
1.47755 6.27098e-09
1.48753 6.01033e-09
1.4975 5.75701e-09
1.50759 5.50979e-09
1.51744 5.34209e-09
1.52762 5.08943e-09
1.53782 4.95038e-09
1.54798 4.77191e-09
1.55817 4.5047e-09
1.56867 4.35021e-09
1.579 4.24501e-09
1.58955 3.98853e-09
1.60018 3.85787e-09
1.61084 3.68201e-09
1.62148 3.48906e-09
1.63242 3.39457e-09
1.64322 3.24017e-09
1.65411 3.1058e-09
1.66512 3.01652e-09
1.67627 2.85214e-09
1.68736 2.79374e-09
1.69863 2.65891e-09
1.70994 2.55331e-09
1.72135 2.45174e-09
1.73279 2.32049e-09
1.74428 2.26766e-09
1.75588 2.18079e-09
1.76756 2.09615e-09
1.77941 2.01108e-09
1.79124 1.90366e-09
1.80325 1.83881e-09
1.81507 1.78334e-09
1.82722 1.69329e-09
1.83948 1.63913e-09
1.85166 1.55989e-09
1.86408 1.5057e-09
1.87633 1.45188e-09
1.88886 1.38974e-09
1.90144 1.32939e-09
1.914 1.28595e-09
1.92679 1.22387e-09
1.93957 1.18388e-09
1.95256 1.13699e-09
1.96563 1.09278e-09
1.97869 1.04389e-09
1.99179 1.01194e-09
2.00509 9.63672e-10
2.01846 9.24401e-10
2.03193 8.88243e-10
2.04528 8.53728e-10
2.05892 8.17343e-10
2.07279 7.85159e-10
2.0865 7.5898e-10
2.10039 7.24626e-10
2.11443 6.93724e-10
2.12845 6.7177e-10
2.14263 6.46309e-10
2.15695 6.1273e-10
2.17119 5.92651e-10
2.18567 5.69206e-10
2.20036 5.44693e-10
2.21494 5.22043e-10
2.22958 5.04859e-10
2.24445 4.83443e-10
2.25936 4.64097e-10
2.27439 4.46272e-10
2.28969 4.23649e-10
2.30493 4.11958e-10
2.32027 3.93385e-10
2.33573 3.78651e-10
2.35122 3.6133e-10
2.3669 3.47989e-10
2.38266 3.32957e-10
2.39847 3.25002e-10
2.41442 3.08926e-10
2.43055 2.97937e-10
2.44673 2.83893e-10
2.4629 2.71407e-10
2.47932 2.60113e-10
2.4959 2.50167e-10
2.51254 2.40947e-10
2.52927 2.31915e-10
2.54604 2.21422e-10
2.56299 2.13354e-10
2.58009 2.04879e-10
2.5973 1.97278e-10
2.61455 1.88062e-10
2.63195 1.82313e-10
2.64948 1.73528e-10
2.66707 1.67363e-10
2.68485 1.60924e-10
2.70286 1.54367e-10
2.72085 1.48233e-10
2.73892 1.41952e-10
2.75712 1.365e-10
2.77543 1.31048e-10
2.79389 1.25339e-10
2.81251 1.20995e-10
2.83127 1.15516e-10
2.85007 1.11022e-10
2.86897 1.06384e-10
2.88818 1.02106e-10
2.90739 9.80867e-11
2.92669 9.44067e-11
2.94616 9.02254e-11
2.96573 8.71181e-11
2.98548 8.37048e-11
3.00539 8.03559e-11
3.02539 7.7137e-11
3.04557 7.41717e-11
3.06592 7.13068e-11
3.0863 6.82824e-11
3.10684 6.51776e-11
3.12756 6.27558e-11
3.1484 6.03836e-11
3.16935 5.77142e-11
3.19042 5.5475e-11
3.21172 5.30487e-11
3.2331 5.09801e-11
3.25451 4.91472e-11
3.27615 4.7435e-11
3.2979 4.54096e-11
3.31984 4.34548e-11
3.34198 4.16882e-11
3.3643 3.99875e-11
3.38673 3.85242e-11
3.40918 3.71322e-11
3.43196 3.55169e-11
3.45493 3.42301e-11
3.47788 3.27697e-11
3.50098 3.13955e-11
3.52428 3.01213e-11
3.54776 2.89977e-11
3.5713 2.78985e-11
3.59506 2.66596e-11
3.61902 2.56967e-11
3.64313 2.4626e-11
3.66736 2.37222e-11
3.69182 2.26904e-11
3.71639 2.189e-11
3.7411 2.09068e-11
3.76602 2.00936e-11
3.7911 1.93723e-11
3.81637 1.85906e-11
3.8418 1.77657e-11
3.8673 1.71599e-11
3.89298 1.64541e-11
3.91895 1.57886e-11
3.94503 1.51697e-11
3.97125 1.45814e-11
3.99772 1.4027e-11
4.02443 1.34546e-11
4.05121 1.29479e-11
4.07809 1.2403e-11
4.10526 1.19213e-11
4.13259 1.14696e-11
4.16008 1.10193e-11
4.18785 1.05675e-11
4.21573 1.01702e-11
4.24371 9.79514e-12
4.27197 9.39681e-12
4.30044 8.97963e-12
4.32905 8.71183e-12
4.35788 8.35308e-12
4.38688 8.05125e-12
4.41605 7.71381e-12
4.44546 7.38676e-12
4.47509 7.12188e-12
4.50493 6.86009e-12
4.53494 6.59195e-12
4.56506 6.34944e-12
4.59545 6.11429e-12
4.62609 5.87363e-12
4.65691 5.65438e-12
4.68789 5.43614e-12
4.71906 5.23435e-12
4.75048 5.04385e-12
4.78209 4.84622e-12
4.8139 4.68022e-12
4.84595 4.49656e-12
4.87821 4.33824e-12
4.91071 4.16279e-12
4.94338 4.02299e-12
4.97629 3.88311e-12
5.00945 3.73398e-12
5.04276 3.60463e-12
5.07626 3.46911e-12
5.1101 3.34376e-12
5.14418 3.23402e-12
5.1784 3.11043e-12
5.21287 3.00886e-12
5.24757 2.90506e-12
5.2825 2.8035e-12
5.31768 2.71078e-12
5.35308 2.61177e-12
5.38871 2.53042e-12
5.42459 2.44622e-12
5.46071 2.36887e-12
5.49705 2.28962e-12
5.53363 2.2153e-12
5.57046 2.1409e-12
5.60749 2.07887e-12
5.64482 2.00824e-12
5.68244 1.95449e-12
5.72029 1.89392e-12
5.7584 1.839e-12
5.79671 1.78127e-12
5.83528 1.73119e-12
5.87416 1.68058e-12
5.91325 1.63347e-12
5.95258 1.59262e-12
5.99221 1.55013e-12
6.03213 1.50951e-12
6.07232 1.47325e-12
6.11272 1.43465e-12
6.15341 1.39794e-12
6.1944 1.3648e-12
6.23563 1.33946e-12
6.27716 1.31139e-12
6.31895 1.28157e-12
6.36099 1.25583e-12
6.40334 1.22863e-12
6.44597 1.20588e-12
6.48883 1.18416e-12
6.53202 1.16412e-12
6.57553 1.14453e-12
6.61931 1.13074e-12
6.66339 1.11101e-12
6.70776 1.09704e-12
6.7524 1.07813e-12
6.79737 1.07157e-12
6.84263 1.05739e-12
6.88816 1.04636e-12
6.93399 1.04143e-12
6.98015 1.03076e-12
7.02663 1.02099e-12
7.0734 1.0146e-12
7.12047 1.00751e-12
7.16789 1.0076e-12
7.21564 9.99321e-13
7.26365 9.93922e-13
7.312 9.96964e-13
7.36069 9.94425e-13
7.40968 9.90007e-13
7.459 9.9724e-13
7.50862 9.91157e-13
7.5586 9.89329e-13
7.60894 1.0014e-12
7.65961 9.93937e-13
7.7106 1.00303e-12
7.76192 9.99689e-13
7.81363 1.00851e-12
7.86566 1.01136e-12
7.91801 1.01698e-12
7.97072 1.01519e-12
8.02376 1.02339e-12
8.07717 1.02164e-12
8.13095 1.03495e-12
8.18507 1.03111e-12
8.23956 1.04257e-12
8.29442 1.04491e-12
8.34962 1.04157e-12
8.40521 1.05398e-12
8.46119 1.04981e-12
8.51752 1.04722e-12
8.57417 1.0608e-12
8.63126 1.05733e-12
8.68876 1.05388e-12
8.74657 1.05091e-12
8.80479 1.05924e-12
8.86345 1.05564e-12
8.92244 1.05177e-12
8.98183 1.04844e-12
9.04164 1.0421e-12
9.10181 1.03935e-12
9.1624 1.03476e-12
9.22341 1.03256e-12
9.28477 1.02527e-12
9.34659 1.01978e-12
9.40883 1.01248e-12
9.47148 1.00583e-12
9.53453 9.96808e-13
9.59797 9.8746e-13
9.66188 9.79563e-13
9.72619 9.73155e-13
9.79093 9.64755e-13
9.85612 9.60174e-13
9.92173 9.50437e-13
9.98778 9.4166e-13
10.0543 9.30701e-13
10.1212 9.23889e-13
10.1886 9.16949e-13
10.2564 9.10691e-13
10.3247 9.03759e-13
10.3934 8.9562e-13
10.4626 8.91144e-13
10.5323 8.86626e-13
10.6024 8.79061e-13
10.6729 8.74758e-13
10.7439 7.89794e-13
10.8154 6.09077e-13
10.8874 4.98999e-13
10.9599 4.31243e-13
11.0329 3.86617e-13
11.1063 3.57102e-13
11.1802 3.36631e-13
11.2546 3.23138e-13
11.3296 3.13428e-13
11.405 3.08002e-13
11.4809 3.04304e-13
11.5573 3.03417e-13
11.6343 3.03519e-13
11.7117 3.05268e-13
11.7897 3.07527e-13
11.8682 3.10905e-13
11.9472 3.15026e-13
12.0267 3.19588e-13
12.1068 3.24452e-13
12.1874 3.30557e-13
12.2685 3.35864e-13
12.3502 3.42082e-13
12.4324 3.48606e-13
12.5151 3.55097e-13
12.5985 3.61677e-13
12.6823 3.68142e-13
12.7667 3.74555e-13
12.8517 3.81818e-13
12.9373 3.87765e-13
13.0234 3.93594e-13
13.1101 3.99251e-13
13.1973 4.04391e-13
13.2852 4.09776e-13
13.3736 4.14586e-13
13.4626 4.18944e-13
13.5522 4.22244e-13
13.6424 4.25748e-13
13.7332 4.27482e-13
13.8247 4.29347e-13
13.9167 4.30246e-13
14.0093 4.31092e-13
14.1025 4.30752e-13
14.1964 4.29763e-13
14.2909 4.27582e-13
14.386 4.24095e-13
14.4818 4.19832e-13
14.5781 4.14111e-13
14.6751 4.06246e-13
14.7727 3.96232e-13
14.8711 3.83986e-13
14.97 3.66573e-13
15.0695 3.43834e-13
15.1698 3.16395e-13
15.2709 3.04509e-13
15.3726 3.05234e-13
15.4749 3.11367e-13
15.5779 3.2052e-13
15.6816 3.32312e-13
15.786 3.45345e-13
15.8911 3.60078e-13
15.9968 3.7415e-13
16.1033 3.908e-13
16.2104 4.06878e-13
16.3183 4.23046e-13
16.4269 4.3988e-13
16.5362 4.55937e-13
16.6462 4.73167e-13
16.757 4.90314e-13
16.8685 5.0916e-13
16.9806 5.26393e-13
17.0936 5.44362e-13
17.2072 5.60886e-13
17.3216 5.82512e-13
17.4366 6.00314e-13
17.5525 6.20848e-13
17.6693 6.42041e-13
17.7861 6.63906e-13
17.9035 6.87909e-13
18.0221 7.18348e-13
18.1408 7.4311e-13
18.2586 7.72995e-13
18.374 8.23454e-13
18.4789 9.14544e-13
