# in Mpc/h Units 
# D1 = 0.410737 
# k P N P(z=0)
0.020944 4485.26 6 26586.4
0 0 0 0
0 0 0 0
0 0 0 0
0 0 0 0
0 0 0 0
0 0 0 0
0 0 0 0
0 0 0 0
0 0 0 0
0 0 0 0
0 0 0 0
0 0 0 0
0 0 0 0
0 0 0 0
0 0 0 0
0 0 0 0
0 0 0 0
0 0 0 0
0 0 0 0
0 0 0 0
0 0 0 0
0 0 0 0
0 0 0 0
0 0 0 0
0 0 0 0
0 0 0 0
0 0 0 0
0 0 0 0
0 0 0 0
0 0 0 0
0 0 0 0
0 0 0 0
0 0 0 0
0 0 0 0
0 0 0 0
0 0 0 0
0 0 0 0
0 0 0 0
0 0 0 0
0 0 0 0
0 0 0 0
0 0 0 0
0 0 0 0
0 0 0 0
0 0 0 0
0 0 0 0
0 0 0 0
0 0 0 0
0 0 0 0
0 0 0 0
0 0 0 0
0.0296192 3704.82 12 21960.4
0 0 0 0
0 0 0 0
0 0 0 0
0 0 0 0
0 0 0 0
0 0 0 0
0 0 0 0
0 0 0 0
0 0 0 0
0 0 0 0
0 0 0 0
0 0 0 0
0 0 0 0
0 0 0 0
0 0 0 0
0 0 0 0
0 0 0 0
0 0 0 0
0 0 0 0
0 0 0 0
0 0 0 0
0 0 0 0
0 0 0 0
0 0 0 0
0 0 0 0
0 0 0 0
0 0 0 0
0 0 0 0
0 0 0 0
0.036276 3067.04 8 18179.9
0 0 0 0
0 0 0 0
0 0 0 0
0 0 0 0
0 0 0 0
0 0 0 0
0 0 0 0
0 0 0 0
0 0 0 0
0 0 0 0
0 0 0 0
0 0 0 0
0 0 0 0
0 0 0 0
0 0 0 0
0 0 0 0
0 0 0 0
0 0 0 0
0 0 0 0
0 0 0 0
0 0 0 0
0.0418879 2573.74 6 15255.8
0 0 0 0
0 0 0 0
0 0 0 0
0 0 0 0
0 0 0 0
0 0 0 0
0 0 0 0
0 0 0 0
0 0 0 0
0 0 0 0
0 0 0 0
0 0 0 0
0 0 0 0
0 0 0 0
0 0 0 0
0 0 0 0
0.0468321 2305.99 24 13668.8
0 0 0 0
0 0 0 0
0 0 0 0
0 0 0 0
0 0 0 0
0 0 0 0
0 0 0 0
0 0 0 0
0 0 0 0
0 0 0 0
0 0 0 0
0 0 0 0
0 0 0 0
0.051302 2165.56 24 12836.4
0 0 0 0
0 0 0 0
0 0 0 0
0 0 0 0
0 0 0 0
0 0 0 0
0 0 0 0
0 0 0 0
0 0 0 0
0 0 0 0
0 0 0 0
0 0 0 0
0 0 0 0
0 0 0 0
0 0 0 0
0 0 0 0
0 0 0 0
0 0 0 0
0 0 0 0
0 0 0 0
0.0592384 1997.06 12 11837.6
0 0 0 0
0 0 0 0
0 0 0 0
0 0 0 0
0 0 0 0
0 0 0 0
0 0 0 0
0 0 0 0
0.0628319 1936.42 30 11478.2
0 0 0 0
0 0 0 0
0 0 0 0
0 0 0 0
0 0 0 0
0 0 0 0
0 0 0 0
0.0662306 1774.25 24 10516.9
0 0 0 0
0 0 0 0
0 0 0 0
0 0 0 0
0 0 0 0
0 0 0 0
0.0694632 1750.63 24 10376.9
0 0 0 0
0 0 0 0
0 0 0 0
0 0 0 0
0 0 0 0
0 0 0 0
0.072552 1745.86 8 10348.6
0 0 0 0
0 0 0 0
0 0 0 0
0 0 0 0
0 0 0 0
0.0755145 1451.86 24 8605.93
0 0 0 0
0 0 0 0
0 0 0 0
0 0 0 0
0.0783651 1402.37 48 8312.54
0 0 0 0
0 0 0 0
0 0 0 0
0 0 0 0
0 0 0 0
0 0 0 0
0 0 0 0
0 0 0 0
0 0 0 0
0.0837758 1541.62 6 9137.97
0 0 0 0
0 0 0 0
0 0 0 0
0 0 0 0
0.0863541 1207.95 48 7160.16
0 0 0 0
0 0 0 0
0 0 0 0
0.0888577 1105.11 36 6550.57
0 0 0 0
0 0 0 0
0 0 0 0
0.0912926 1145.89 24 6792.26
0 0 0 0
0 0 0 0
0 0 0 0
0.0936642 1238.27 24 7339.89
0 0 0 0
0 0 0 0
0 0 0 0
0.0959772 1009.25 48 5982.32
0 0 0 0
0 0 0 0
0.0982358 972.826 24 5766.44
0 0 0 0
0 0 0 0
0 0 0 0
0 0 0 0
0 0 0 0
0 0 0 0
0.102604 1012.46 24 6001.39
0 0 0 0
0 0 0 0
0.10472 883.374 30 5236.21
0 0 0 0
0 0 0 0
0.106794 840.073 72 4979.54
0 0 0 0
0 0 0 0
0.108828 778.315 32 4613.47
0 0 0 0
0 0 0 0
0 0 0 0
0 0 0 0
0.112787 848.973 72 5032.3
0 0 0 0
0 0 0 0
0.114715 815.234 48 4832.31
0 0 0 0
0 0 0 0
0 0 0 0
0 0 0 0
0.118477 838.205 12 4968.47
0 0 0 0
0.120314 843.414 48 4999.34
0 0 0 0
0.122123 792.372 48 4696.79
0 0 0 0
0.123906 744.356 48 4412.18
0 0 0 0
0 0 0 0
0.125664 670.477 30 3974.26
0 0 0 0
0.127397 711.401 24 4216.84
0 0 0 0
0.129107 654.392 72 3878.92
0 0 0 0
0 0 0 0
0.132461 521.826 24 3093.13
0 0 0 0
0.134107 681.335 96 4038.62
0 0 0 0
0.135732 660.469 48 3914.93
0 0 0 0
0.137339 638.869 24 3786.9
0 0 0 0
0.138926 693.698 24 4111.9
0.140496 571.499 72 3387.57
0 0 0 0
0.142049 558.415 48 3310.01
0 0 0 0
0 0 0 0
0.145104 281.59 8 1669.13
0 0 0 0
0.146608 545.682 54 3234.54
0.148096 547.628 84 3246.07
0 0 0 0
0.14957 546.292 48 3238.15
0.151029 562.245 24 3332.71
0 0 0 0
0.152474 561.397 72 3327.69
0.153906 523.134 96 3100.88
0 0 0 0
0 0 0 0
0.15673 481.931 48 2856.65
0.158123 489.253 48 2900.05
0.159504 483.252 24 2864.48
0 0 0 0
0.160874 446.732 72 2648.01
0 0 0 0
0.163577 526.367 72 3120.05
0 0 0 0
0.164913 429.341 96 2544.92
0 0 0 0
0.167552 426.263 6 2526.68
0.168856 403.003 96 2388.81
0.170149 457.699 96 2713.01
0.171434 434.412 24 2574.98
0.172708 420.477 48 2492.38
0 0 0 0
0.173974 379.801 96 2251.27
0.17523 418.211 48 2478.95
0 0 0 0
0.177715 499.901 36 2963.17
0.178945 332.837 48 1972.9
0.180167 402.981 120 2388.67
0.18138 436.496 56 2587.34
0.182585 337.053 24 1997.88
0.183782 372.176 96 2206.08
0.184972 396.953 48 2352.94
0 0 0 0
0.187328 343.138 24 2033.96
0.188496 421.73 102 2499.81
0.190347 339.668 120 2013.39
0.191954 403.396 48 2391.13
0.193094 328.277 48 1945.86
0.194226 357.617 120 2119.78
0 0 0 0
0.196472 357.328 24 2118.07
0.197585 374.479 144 2219.73
0.199006 393.207 168 2330.74
0 0 0 0
0.201976 383.175 48 2271.27
0.203059 302.783 96 1794.75
0.205208 312.309 24 1851.22
0.206274 351.397 48 2082.91
0.207335 306.656 108 1817.71
0.20839 350.508 72 2077.64
0.210326 330.04 198 1956.32
0.211524 372.733 48 2209.38
0.213587 264.314 72 1566.72
0.214612 280.517 96 1662.76
0.215631 301.86 72 1789.28
0.216957 293.561 104 1740.09
0.218661 266.412 72 1579.16
0.219662 324.464 144 1923.26
0 0 0 0
0.223129 259.734 192 1539.58
0.224599 250.892 48 1487.16
0.22618 293.524 192 1739.87
0.22751 322.52 72 1911.74
0.229429 249.775 48 1480.54
0.230383 283.646 78 1681.32
0.231604 276.456 168 1638.69
0.23416 246.477 144 1460.99
0.235095 240.994 144 1428.49
0.236954 289.702 12 1717.21
0.238108 269.763 192 1599.02
0.239975 263.563 168 1562.27
0.241537 230.949 48 1368.95
0.242444 237.814 168 1409.64
0.244844 226.112 144 1340.28
0.246417 219.59 168 1301.62
0.248401 242.526 144 1437.58
0.249576 207.756 48 1231.47
0.251327 194.635 30 1153.7
0.252777 234.539 288 1390.23
0.254191 240.814 80 1427.43
0.25601 239.705 288 1420.85
0.258214 206.109 72 1221.71
0.2594 208.007 240 1232.96
0.26075 159.937 96 948.029
0.262904 204.701 168 1213.37
0.265657 214.406 216 1270.89
0.266722 177.639 132 1052.96
0.268622 187.721 192 1112.72
0.269844 227.297 120 1347.31
0.271964 206.263 126 1222.62
0.273543 202.924 288 1202.83
0.275842 181.405 312 1075.28
0.277853 247.741 24 1468.49
0.279641 200.389 264 1187.81
0.28148 218.955 192 1297.86
0.282936 180.822 192 1071.83
0.285198 207.784 336 1231.64
0.286404 179.935 48 1066.57
0.288084 186.809 240 1107.31
0.291553 174.407 296 1033.8
0.292736 197.486 150 1170.6
0.294335 182.354 240 1080.9
0.296659 165.553 228 981.318
0.298323 155.94 216 924.338
0.300394 174.584 336 1034.85
0.302928 161.41 360 956.759
0.304588 166.734 144 988.316
0.305974 182.675 168 1082.81
0.308578 164.563 312 975.447
0.310884 154.05 288 913.135
0.312408 144.589 192 857.054
0.314799 153.331 366 908.868
0.317265 170.117 408 1008.37
0.319597 145.402 168 861.872
0.320771 141.776 336 840.38
0.3227 150.649 240 892.972
0.32574 153.384 380 909.185
0.32795 148.505 384 880.263
0.330224 155.08 240 919.237
0.331726 141.789 360 840.458
0.333831 144.725 198 857.861
0.336246 139.307 384 825.742
0.338319 147.216 384 872.625
0.341157 144.221 432 854.869
0.343593 121.843 528 722.228
0.346262 123.481 288 731.937
0.347842 117.34 288 695.532
0.350326 138.573 456 821.395
0.352828 113.09 360 670.341
0.354442 119.5 180 708.336
0.356776 126.086 486 747.374
0.359142 124.376 504 737.242
0.361681 121.06 512 717.586
0.363857 121.357 264 719.346
0.366441 111.155 600 658.874
0.368657 120.387 288 713.597
0.371486 129.919 672 770.097
0.374587 106.947 408 633.93
0.376839 116.779 462 692.21
0.379079 118.939 600 705.012
0.38178 102.177 504 605.658
0.384712 104.107 324 617.097
0.386663 97.6548 744 578.85
0.389313 105.134 456 623.182
0.39167 109.43 432 648.647
0.394428 108.747 720 644.599
0.397811 100.093 534 593.303
0.400019 121.163 536 718.194
0.402781 108.952 624 645.815
0.405015 107.796 600 638.964
0.40766 113.236 696 671.207
0.410865 98.0506 456 581.196
0.413244 104.064 732 616.838
0.416084 95.7536 600 567.581
0.418986 99.096 702 587.393
0.421544 94.9572 672 562.86
0.424534 96.1929 768 570.184
0.42751 83.537 768 495.166
0.430034 104.499 408 619.417
0.432751 96.6322 1080 572.789
0.436344 86.6339 632 513.523
0.438896 98.3371 750 582.894
0.44171 88.1912 696 522.754
0.444585 85.3368 876 505.834
0.447784 81.7415 864 484.524
0.45034 81.1592 768 481.072
0.453413 79.9861 888 474.118
0.456575 74.3962 816 440.984
0.459787 79.7361 654 472.637
0.462622 78.4004 1296 464.719
0.465862 80.8034 816 478.963
0.468802 77.5733 816 459.817
0.471915 75.84 1088 449.543
0.475472 74.6382 1020 442.419
0.478779 80.162 1032 475.161
0.481919 78.0983 942 462.928
0.484939 73.3672 1032 434.885
0.488502 73.834 1128 437.652
0.491034 72.6558 888 430.668
0.494348 67.0623 1176 397.512
0.497688 67.6335 960 400.898
0.500527 74.1502 1110 439.526
0.504331 70.9909 1116 420.799
0.507364 70.3362 1352 416.919
0.510774 66.5604 1200 394.537
0.514275 66.1362 1224 392.023
0.517978 64.7758 1320 383.959
0.521294 64.0325 1128 379.553
0.524822 60.6288 1518 359.378
0.527973 61.9338 1080 367.113
0.531698 62.4752 1524 370.322
0.535226 61.1975 1416 362.749
0.539103 61.3704 1704 363.774
0.543 61.1368 1088 362.389
0.546011 58.8361 1446 348.752
0.549827 57.1972 1800 339.037
0.55369 59.4804 1512 352.571
0.557166 57.4076 1392 340.284
0.560475 60.079 1392 356.119
0.564609 57.9957 1962 343.77
0.56859 57.4572 1776 340.578
0.572441 56.1913 1680 333.075
0.5763 53.9335 1776 319.692
0.580121 55.163 1544 326.979
0.583625 54.8446 1896 325.092
0.587525 51.7239 1662 306.594
0.591428 51.5999 1908 305.859
0.595301 51.1119 2184 302.966
0.599624 53.1683 1848 315.156
0.603294 52.4772 1848 311.059
0.60771 48.4874 2238 287.41
0.611568 51.6219 2088 305.989
0.615779 50.7525 2192 300.836
0.619303 49.5514 1536 293.716
0.623194 46.8679 2412 277.81
0.627636 48.0118 2262 284.59
0.631826 46.6282 2448 276.389
0.635971 44.8608 2040 265.913
0.64039 48.9151 2976 289.945
0.644956 47.0522 2184 278.902
0.649302 46.963 2550 278.373
0.653461 46.2712 2396 274.273
0.657644 44.3107 2760 262.652
0.662026 43.9842 2424 260.717
0.666685 42.6355 2832 252.722
0.670916 42.3922 2574 251.28
0.675462 41.6951 3024 247.148
0.679703 43.7169 2484 259.132
0.684292 42.4424 3168 251.578
0.688927 42.1409 2894 249.791
0.693468 41.0534 2856 243.344
0.698026 38.9381 3384 230.806
0.702952 40.1453 3240 237.962
0.707372 38.4735 2856 228.052
0.712317 39.3525 3474 233.262
0.716936 37.2247 3432 220.65
0.721869 39.1005 3552 231.769
0.726964 37.3392 3560 221.328
0.73163 35.5284 3270 210.595
0.736224 35.7465 3552 211.888
0.74119 36.9602 3780 219.082
0.746118 35.7507 3960 211.913
0.751313 34.6427 3696 205.345
0.756133 36.1826 3726 214.473
0.761156 35.3747 4376 209.684
0.766095 35.0457 3648 207.734
0.771205 33.6839 4332 199.662
0.776456 34.9365 4254 207.086
0.781432 32.3577 4296 191.801
0.786733 32.0166 4320 189.779
0.791574 33.2901 4368 197.327
0.797255 32.2469 4826 191.144
0.802676 31.5569 5016 187.054
0.808005 32.2716 4608 191.29
0.813482 31.43 4824 186.302
0.818759 32.1223 4950 190.405
0.824173 30.3907 5232 180.141
0.829708 30.6002 4980 181.383
0.834919 30.1783 4838 178.882
0.840568 29.0965 6024 172.47
0.846479 30.9505 5520 183.459
0.851948 29.3655 5400 174.064
0.857592 28.3381 5538 167.974
0.863369 28.8274 6456 170.875
0.869182 28.3252 5504 167.898
0.874831 28.1025 6168 166.578
0.880682 28.4961 5910 168.911
0.886294 27.1275 6372 160.799
0.892352 27.5293 6768 163.18
0.898399 26.9942 6294 160.009
0.904229 26.4611 6656 156.848
0.910231 26.4578 7224 156.829
0.916513 25.6983 6708 152.327
0.922651 25.4181 7566 150.666
0.92895 25.4412 7416 150.803
0.935092 25.5686 6984 151.558
0.940995 25.1476 7310 149.063
0.947406 24.9632 8148 147.97
0.953652 24.4925 7632 145.179
0.960017 23.8885 8088 141.599
0.966595 24.2806 8478 143.923
0.972908 24.1232 8112 142.991
0.979222 22.9729 8108 136.172
0.985855 23.4625 9510 139.074
0.992666 24.0898 8472 142.793
0.998881 23.3739 8832 138.549
1.00551 22.5156 8898 133.461
1.01216 22.4001 10008 132.777
1.01908 22.3533 9392 132.5
1.02599 22.0052 10206 130.436
1.03271 21.4604 9528 127.206
1.03948 21.562 10236 127.809
1.04641 21.2593 10398 126.015
1.05346 21.5439 10784 127.702
1.06036 20.8899 10584 123.825
1.0676 20.9496 11346 124.179
1.07471 20.7417 11400 122.946
1.08175 20.0165 11016 118.648
1.08895 20.2731 11870 120.169
1.09637 20.0302 12516 118.729
1.10369 19.5211 11880 115.712
1.11092 19.538 11886 115.812
1.1181 19.3238 13104 114.542
1.12573 19.3318 12764 114.589
1.1332 19.1047 13446 113.243
1.14081 19.0756 13464 113.071
1.14829 18.5016 13398 109.668
1.15605 18.3977 14628 109.053
1.16374 18.178 14024 107.75
1.1717 18.118 15054 107.395
1.17935 17.7728 14496 105.349
1.18713 17.7165 15012 105.015
1.195 17.3709 15422 102.966
1.20281 17.4304 15624 103.319
1.21088 16.8685 16146 99.9883
1.21904 16.9319 17064 100.364
1.22715 16.8647 16152 99.966
1.23533 16.7155 17510 99.0812
1.24354 16.7253 17172 99.1395
1.25174 16.1632 17880 95.8075
1.26013 16.5958 18030 98.3721
1.26845 16.2539 18680 96.345
1.27706 15.9494 19170 94.5402
1.28545 15.8804 18720 94.1315
1.29387 15.8907 19536 94.1925
1.3027 15.4754 20954 91.7303
1.31143 15.4556 20328 91.6135
1.3202 15.35 20718 90.9875
1.32891 14.8679 21348 88.1297
1.33775 14.9472 21534 88.5997
1.34663 14.7044 22256 87.1608
1.35548 14.6398 22104 86.7774
1.3645 14.4789 23178 85.8239
1.37362 14.6101 23880 86.6012
1.38289 14.1423 24230 83.8287
1.39214 14.268 24468 84.5734
1.40146 14.1187 25230 83.6889
1.41076 13.7699 25328 81.6211
1.42016 13.7588 25818 81.5555
1.42955 13.6884 26616 81.1379
1.43897 13.3132 26376 78.9142
1.44856 13.4891 28034 79.9568
1.45815 13.4779 27816 79.8902
1.46783 13.1971 28398 78.2257
1.47755 13.1154 29652 77.7418
1.48753 12.9952 30134 77.0294
1.4975 12.7537 30792 75.598
1.50759 12.528 31218 74.26
1.51744 12.6336 30912 74.8855
1.52762 12.4846 33158 74.0027
1.53782 12.317 32772 73.0092
1.54798 12.3484 33150 73.1953
1.55817 12.2321 34256 72.5057
1.56867 11.9657 35562 70.9271
1.579 12.1469 34992 72.0009
1.58955 11.7178 37158 69.4573
1.60018 11.6683 36956 69.1639
1.61084 11.5714 37950 68.5893
1.62148 11.4831 38496 68.0659
1.63242 11.3924 40274 67.5284
1.64322 11.43 39264 67.7514
1.65411 11.1781 41466 66.2583
1.66512 11.1958 41960 66.3631
1.67627 11.0915 42702 65.745
1.68736 10.897 43356 64.5922
1.69863 10.8002 44886 64.0185
1.70994 10.7596 45248 63.7776
1.72135 10.7092 46362 63.4789
1.73279 10.5185 46974 62.3482
1.74428 10.492 48236 62.1913
1.75588 10.3614 48774 61.4172
1.76756 10.3992 50616 61.6416
1.77941 10.3424 51050 61.3048
1.79124 10.1864 52272 60.3802
1.80325 10.0623 53658 59.6446
1.81507 9.99433 52640 59.2415
1.82722 9.86069 57366 58.4493
1.83948 9.85945 55170 58.442
1.85166 9.69614 58544 57.474
1.86408 9.64494 58506 57.1705
1.87633 9.59845 58968 56.8949
1.88886 9.45244 62366 56.0295
1.90144 9.29322 61266 55.0856
1.914 9.29832 63960 55.1159
1.92679 9.13525 64730 54.1493
1.93957 9.19648 66360 54.5122
1.95256 9.11398 67778 54.0232
1.96563 8.93506 69558 52.9626
1.97869 8.88293 69660 52.6536
1.99179 8.87705 71390 52.6188
2.00509 8.82789 73974 52.3274
2.01846 8.59637 74196 50.9551
2.03193 8.68746 76622 51.495
2.04528 8.53621 75516 50.5985
2.05892 8.61718 81510 51.0784
2.07279 8.43381 80138 49.9915
2.0865 8.34059 82368 49.439
2.10039 8.27333 84098 49.0403
2.11443 8.21462 86286 48.6922
2.12845 8.13496 86700 48.22
2.14263 8.1029 90014 48.03
2.15695 7.96214 90930 47.1957
2.17119 7.98039 91694 47.3039
2.18567 7.87406 96228 46.6736
2.20036 7.80006 97014 46.2349
2.21494 7.68127 97370 45.5308
2.22958 7.66387 100656 45.4276
2.24445 7.64752 102530 45.3308
2.25936 7.50844 104454 44.5063
2.27439 7.49808 107196 44.4449
2.28969 7.37738 110414 43.7295
2.30493 7.39422 109578 43.8293
2.32027 7.30578 114974 43.3051
2.33573 7.20702 114396 42.7197
2.35122 7.20054 118190 42.6813
2.3669 7.15276 120498 42.398
2.38266 7.04674 122718 41.7696
2.39847 7.00542 124604 41.5247
2.41442 6.92182 127950 41.0292
2.43055 6.85058 130826 40.6069
2.44673 6.80482 132510 40.3356
2.4629 6.7684 134180 40.1198
2.47932 6.72021 140214 39.8341
2.4959 6.62885 140018 39.2926
2.51254 6.6066 145650 39.1607
2.52927 6.54182 145350 38.7767
2.54604 6.47452 150188 38.3778
2.56299 6.43627 152214 38.1511
2.58009 6.39554 157226 37.9097
2.5973 6.33061 158118 37.5248
2.61455 6.25601 162338 37.0825
2.63195 6.23018 165378 36.9294
2.64948 6.14858 169256 36.4458
2.66707 6.14333 170682 36.4147
2.68485 6.05266 177566 35.8772
2.70286 6.00178 179610 35.5756
2.72085 5.97366 182690 35.409
2.73892 5.90544 185694 35.0046
2.75712 5.8359 190346 34.5923
2.77543 5.81471 192852 34.4667
2.79389 5.75176 198806 34.0936
2.81251 5.69537 201378 33.7594
2.83127 5.64503 207446 33.461
2.85007 5.56745 207258 33.0011
2.86897 5.57237 215762 33.0303
2.88818 5.5281 219702 32.7679
2.90739 5.4632 221522 32.3832
2.92669 5.41342 227754 32.0881
2.94616 5.34652 231710 31.6916
2.96573 5.33706 235994 31.6355
2.98548 5.29171 242346 31.3667
3.00539 5.21365 246704 30.9039
3.02539 5.20573 250410 30.857
3.04557 5.14692 258410 30.5084
3.06592 5.12538 261414 30.3808
3.0863 5.07607 265874 30.0885
3.10684 5.04411 273450 29.899
3.12756 4.98657 276974 29.5579
3.1484 4.96233 284402 29.4142
3.16935 4.91412 287754 29.1285
3.19042 4.84227 295010 28.7026
3.21172 4.82024 302142 28.572
3.2331 4.77996 304946 28.3332
3.25451 4.74423 311642 28.1214
3.27615 4.68593 319326 27.7759
3.2979 4.65413 323618 27.5874
3.31984 4.60539 333744 27.2985
3.34198 4.57967 337970 27.1461
3.3643 4.55148 348758 26.979
3.38673 4.51104 350346 26.7392
3.40918 4.45924 358778 26.4322
3.43196 4.40769 370578 26.1266
3.45493 4.37872 374258 25.9549
3.47788 4.34827 380558 25.7744
3.50098 4.31327 388434 25.567
3.52428 4.26392 398522 25.2744
3.54776 4.23951 404042 25.1298
3.5713 4.20709 412164 24.9376
3.59506 4.15118 422258 24.6062
3.61902 4.13807 430754 24.5284
3.64313 4.08308 438906 24.2025
3.66736 4.05089 446738 24.0117
3.69182 4.01716 459098 23.8117
3.71639 3.98776 463380 23.6375
3.7411 3.93163 476138 23.3047
3.76602 3.91082 484322 23.1814
3.7911 3.87762 495738 22.9846
3.81637 3.8535 504266 22.8416
3.8418 3.81005 515696 22.5841
3.8673 3.77198 520974 22.3585
3.89298 3.75407 536882 22.2523
3.91895 3.72215 546818 22.0631
3.94503 3.67923 556178 21.8087
3.97125 3.66289 567672 21.7118
3.99772 3.63052 582314 21.5199
4.02443 3.58524 593138 21.2516
4.05121 3.5476 600920 21.0285
4.07809 3.52538 614274 20.8967
4.10526 3.49281 630050 20.7036
4.13259 3.45392 638678 20.4731
4.16008 3.42794 653984 20.3191
4.18785 3.40679 669618 20.1938
4.21573 3.37218 676922 19.9886
4.24371 3.32404 692552 19.7033
4.27197 3.31472 709178 19.648
4.30044 3.2735 721416 19.4037
4.32905 3.25071 735698 19.2686
4.35788 3.22804 752546 19.1343
4.38688 3.19543 763760 18.941
4.41605 3.17075 782498 18.7946
4.44546 3.1323 797178 18.5668
4.47509 3.10376 814976 18.3975
4.50493 3.09059 831266 18.3195
4.53494 3.04755 845696 18.0644
4.56506 3.02535 860234 17.9328
4.59545 2.99515 883928 17.7538
4.62609 2.96382 898338 17.5681
4.65691 2.93294 917576 17.385
4.68789 2.90922 933194 17.2444
4.71906 2.88182 952736 17.082
4.75048 2.84901 974522 16.8876
4.78209 2.82355 990032 16.7366
4.8139 2.79842 1013438 16.5877
4.84595 2.77365 1031168 16.4408
4.87821 2.75084 1055610 16.3056
4.91071 2.72033 1074440 16.1248
4.94338 2.69554 1095146 15.9778
4.97629 2.67339 1119584 15.8465
5.00945 2.6531 1141922 15.7263
5.04276 2.62473 1160216 15.5581
5.07626 2.60367 1185992 15.4333
5.1101 2.5784 1215422 15.2835
5.14418 2.5533 1235072 15.1347
5.1784 2.53142 1259024 15.005
5.21287 2.50479 1286210 14.8472
5.24757 2.47819 1310960 14.6895
5.2825 2.46088 1338056 14.5869
5.31768 2.43429 1364966 14.4293
5.35308 2.41417 1391768 14.31
5.38871 2.39331 1420448 14.1863
5.42459 2.36959 1448858 14.0457
5.46071 2.34696 1477952 13.9116
5.49705 2.32798 1506308 13.7991
5.53363 2.30509 1538144 13.6634
5.57046 2.27977 1567562 13.5134
5.60749 2.26043 1596704 13.3987
5.64482 2.23987 1635572 13.2768
5.68244 2.22077 1666520 13.1637
5.72029 2.19811 1699304 13.0293
5.7584 2.17834 1734278 12.9121
5.79671 2.15931 1764392 12.7993
5.83528 2.13545 1804904 12.6579
5.87416 2.11786 1841024 12.5536
5.91325 2.09678 1873820 12.4287
5.95258 2.07796 1913600 12.3171
5.99221 2.05561 1952864 12.1847
6.03213 2.0443 1994966 12.1176
6.07232 2.02082 2032160 11.9784
6.11272 2.00277 2070124 11.8714
6.15341 1.98368 2117456 11.7583
6.1944 1.96602 2156600 11.6536
6.23563 1.94459 2200316 11.5266
6.27716 1.92961 2247272 11.4378
6.31895 1.90898 2287460 11.3155
6.36099 1.89284 2335424 11.2198
6.40334 1.87199 2383216 11.0963
6.44597 1.85487 2430548 10.9947
6.48883 1.84126 2474288 10.9141
6.53202 1.82203 2533724 10.8001
6.57553 1.80243 2578544 10.6839
6.61931 1.78875 2634154 10.6028
6.66339 1.77048 2685200 10.4946
6.70776 1.75543 2740268 10.4053
6.7524 1.73753 2791568 10.2992
6.79737 1.7203 2854940 10.1971
6.84263 1.70285 2904208 10.0937
6.88816 1.68822 2965964 10.007
6.93399 1.67416 3022550 9.92361
6.98015 1.65446 3089068 9.80686
7.02663 1.64002 3148604 9.72121
7.0734 1.62571 3210680 9.63642
7.12047 1.60909 3275210 9.5379
7.16789 1.59404 3346312 9.44868
7.21564 1.57928 3408932 9.3612
7.26365 1.56354 3475196 9.26792
7.312 1.54929 3550342 9.18345
7.36069 1.53369 3618788 9.09097
7.40968 1.51984 3690872 9.00889
7.459 1.50796 3765538 8.93846
7.50862 1.4904 3838964 8.83435
7.5586 1.47818 3920362 8.76193
7.60894 1.46326 4000832 8.67348
7.65961 1.4489 4077428 8.58839
7.7106 1.43605 4160626 8.5122
7.76192 1.42171 4243208 8.42719
7.81363 1.41013 4335538 8.35857
7.86566 1.39667 4413500 8.2788
7.91801 1.383 4505450 8.19777
7.97072 1.37051 4596040 8.12372
8.02376 1.35868 4684418 8.0536
8.07717 1.34557 4784836 7.97587
8.13095 1.33368 4877354 7.90543
8.18507 1.3221 4975786 7.83674
8.23956 1.30863 5078756 7.75692
8.29442 1.29667 5177662 7.686
8.34962 1.28672 5280932 7.62706
8.40521 1.27539 5391274 7.55987
8.46119 1.26564 5500906 7.5021
8.51752 1.25329 5604530 7.4289
8.57417 1.24293 5715700 7.36751
8.63126 1.23284 5842058 7.30769
8.68876 1.22329 5955226 7.25104
8.74657 1.21302 6063770 7.19019
8.80479 1.20325 6202156 7.1323
8.86345 1.19308 6320530 7.07198
8.92244 1.18328 6442874 7.01391
8.98183 1.17497 6578986 6.96465
9.04164 1.1668 6707818 6.91622
9.10181 1.15756 6838082 6.86142
9.1624 1.15213 6987316 6.82928
9.22341 1.14402 7117018 6.78118
9.28477 1.13543 7259306 6.73026
9.34659 1.12729 7415650 6.68204
9.40883 1.12046 7558810 6.64152
9.47148 1.1137 7716338 6.6015
9.53453 1.10845 7860058 6.57033
9.59797 1.10239 8022286 6.53443
9.66188 1.09578 8191498 6.49523
9.72619 1.09093 8341402 6.4665
9.79093 1.08689 8524784 6.44256
9.85612 1.08243 8686018 6.41609
9.92173 1.07999 8865142 6.40165
9.98778 1.07585 9040714 6.3771
10.0543 1.07416 9225754 6.36712
10.1212 1.07179 9409058 6.35304
10.1886 1.07009 9599212 6.34298
10.2564 1.06975 9792874 6.34095
10.3247 1.06903 9989362 6.3367
10.3934 1.06943 10185502 6.33909
10.4626 1.07157 10394392 6.35173
10.5323 1.07252 10607554 6.35737
10.6024 1.07523 10813990 6.37343
10.6729 1.07992 11029240 6.40122
10.7439 1.07929 11191111 6.3975
10.8154 1.06975 11185948 6.34098
10.8874 1.06088 11191384 6.28839
10.9599 1.05102 11166280 6.2299
11.0329 1.043 11162812 6.18242
11.1063 1.03592 11148064 6.14044
11.1802 1.02867 11122480 6.09743
11.2546 1.02075 11104984 6.0505
11.3296 1.01447 11085376 6.01327
11.405 1.00795 11049712 5.97461
11.4809 1.00256 11013328 5.94268
11.5573 0.996972 10970140 5.90956
11.6343 0.992894 10943872 5.88539
11.7117 0.9877 10885456 5.8546
11.7897 0.98421 10833720 5.83392
11.8682 0.980389 10777816 5.81127
11.9472 0.975888 10724320 5.78459
12.0267 0.972364 10657576 5.76369
12.1068 0.970379 10579924 5.75193
12.1874 0.967549 10508784 5.73515
12.2685 0.965038 10422700 5.72027
12.3502 0.962754 10345720 5.70673
12.4324 0.961645 10248148 5.70016
12.5151 0.960817 10144776 5.69525
12.5985 0.95978 10050904 5.68911
12.6823 0.959596 9924772 5.68802
12.7667 0.959444 9816636 5.68711
12.8517 0.959863 9692764 5.6896
12.9373 0.960823 9567688 5.69529
13.0234 0.962847 9424104 5.70729
13.1101 0.964296 9278716 5.71587
13.1973 0.966926 9127788 5.73146
13.2852 0.970838 8968792 5.75465
13.3736 0.973347 8801068 5.76952
13.4626 0.97888 8626764 5.80232
13.5522 0.983447 8444740 5.82939
13.6424 0.990208 8248812 5.86947
13.7332 0.995858 8050900 5.90296
13.8247 1.00425 7840044 5.9527
13.9167 1.01279 7621816 6.00331
14.0093 1.02127 7391184 6.05357
14.1025 1.0314 7158996 6.11365
14.1964 1.04262 6904924 6.18016
14.2909 1.0535 6649248 6.2446
14.386 1.06466 6384676 6.31076
14.4818 1.07828 6098844 6.39151
14.5781 1.09001 5811012 6.46103
14.6751 1.10196 5508112 6.5319
14.7727 1.11271 5195916 6.5956
14.8711 1.12233 4872228 6.65262
14.97 1.12713 4531392 6.68105
15.0695 1.12768 4181068 6.68432
15.1698 1.12187 3827115 6.64988
15.2709 1.11901 3511752 6.63296
15.3726 1.12386 3240696 6.6617
15.4749 1.1289 2990682 6.69158
15.5779 1.13624 2763190 6.73509
15.6816 1.14738 2544444 6.80111
15.786 1.15943 2340936 6.87253
15.8911 1.1734 2149530 6.95535
15.9968 1.18904 1967724 7.04805
16.1033 1.20928 1794918 7.16801
16.2104 1.22878 1632468 7.28358
16.3183 1.25319 1477728 7.42832
16.4269 1.28171 1333008 7.59737
16.5362 1.31123 1194306 7.77231
16.6462 1.34612 1064754 7.97913
16.757 1.38216 941964 8.19279
16.8685 1.4254 826020 8.4491
16.9806 1.47706 718284 8.75528
17.0936 1.52 619944 9.0098
17.2072 1.58038 524820 9.36773
17.3216 1.64699 441182 9.76258
17.4366 1.71517 360702 10.1667
17.5525 1.79178 292782 10.6208
17.6693 1.87845 228006 11.1345
17.7861 1.98945 171158 11.7925
17.9035 2.09598 124494 12.424
18.0221 2.20644 84168 13.0787
18.1408 2.36007 51006 13.9893
18.2586 2.5123 26360 14.8917
18.374 2.63588 9960 15.6242
18.4789 3.037 1561 18.0018
0 0 0 0
