# in Mpc/h Units 
# (k P_nu(k))
# a= 0.518308
# nk = 757
0.020944 718.153
0.0296192 300.569
0.036276 159.577
0.0418879 95.6825
0.0468321 65.2263
0.051302 48.6609
0.0592384 30.8012
0.0628319 25.5569
0.0662306 20.159
0.0694632 17.5113
0.072552 15.5001
0.0755145 11.3463
0.0783651 9.88742
0.0837758 9.20345
0.0863541 6.42632
0.0888577 5.35588
0.0912926 5.22351
0.0936642 5.36107
0.0959772 3.92895
0.0982358 3.55234
0.102604 3.28059
0.10472 2.65353
0.106794 2.3605
0.108828 2.04854
0.112787 2.02678
0.114715 1.86086
0.118477 1.73897
0.120314 1.66372
0.122123 1.47333
0.123906 1.31964
0.125664 1.11223
0.127397 1.15077
0.129107 1.00392
0.132461 0.707658
0.134107 0.950137
0.135732 0.87972
0.137339 0.810728
0.138926 0.865471
0.140496 0.670587
0.142049 0.636448
0.145104 0.232747
0.146608 0.564542
0.148096 0.547368
0.14957 0.541002
0.151029 0.553037
0.152474 0.522864
0.153906 0.469221
0.15673 0.393622
0.158123 0.404223
0.159504 0.396961
0.160874 0.337148
0.163577 0.400453
0.164913 0.298622
0.167552 0.287649
0.168856 0.257344
0.170149 0.302052
0.171434 0.273205
0.172708 0.257507
0.173974 0.230773
0.17523 0.253999
0.177715 0.292733
0.178945 0.173167
0.180167 0.21135
0.18138 0.230773
0.182585 0.157181
0.183782 0.178606
0.184972 0.198223
0.187328 0.156998
0.188496 0.192657
0.190347 0.144338
0.191954 0.174232
0.193094 0.13636
0.194226 0.150331
0.196472 0.138919
0.197585 0.146086
0.199006 0.152782
0.201976 0.140933
0.203059 0.10306
0.205208 0.105443
0.206274 0.123594
0.207335 0.101517
0.20839 0.115674
0.210326 0.106233
0.211524 0.1242
0.213587 0.0774359
0.214612 0.08303
0.215631 0.0902176
0.216957 0.0862768
0.218661 0.0698745
0.219662 0.0939264
0.223129 0.0663733
0.224599 0.0638302
0.22618 0.0745284
0.22751 0.0832167
0.229429 0.0632371
0.230383 0.0677021
0.231604 0.0642726
0.23416 0.0529893
0.235095 0.0543056
0.236954 0.0658622
0.238108 0.0584329
0.239975 0.0542287
0.241537 0.0449416
0.242444 0.0496233
0.244844 0.042328
0.246417 0.0413811
0.248401 0.0440385
0.249576 0.0377423
0.251327 0.0338534
0.252777 0.0425506
0.254191 0.0407952
0.25601 0.0392954
0.258214 0.0352785
0.2594 0.0327347
0.26075 0.0232866
0.262904 0.0306799
0.265657 0.0324917
0.266722 0.0242586
0.268622 0.0253473
0.269844 0.0331046
0.271964 0.0288025
0.273543 0.0272565
0.275842 0.0236432
0.277853 0.0303491
0.279641 0.0250204
0.28148 0.0263008
0.282936 0.0219814
0.285198 0.0238776
0.286404 0.0197277
0.288084 0.0208662
0.291553 0.0188659
0.292736 0.0205695
0.294335 0.0189692
0.296659 0.0169417
0.298323 0.0153718
0.300394 0.0175083
0.302928 0.0149407
0.304588 0.0146641
0.305974 0.0159768
0.308578 0.0144639
0.310884 0.0131661
0.312408 0.0122645
0.314799 0.012881
0.317265 0.013652
0.319597 0.011262
0.320771 0.0106748
0.3227 0.0110205
0.32574 0.0111293
0.32795 0.0108554
0.330224 0.0110744
0.331726 0.00932156
0.333831 0.00996793
0.336246 0.009339
0.338319 0.00988785
0.341157 0.00918204
0.343593 0.00754977
0.346262 0.00755167
0.347842 0.00680665
0.350326 0.00790299
0.352828 0.00652267
0.354442 0.00696659
0.356776 0.00685792
0.359142 0.00677144
0.361681 0.00610286
0.363857 0.00598447
0.366441 0.00546294
0.368657 0.00576683
0.371486 0.00591527
0.374587 0.00495815
0.376839 0.00516732
0.379079 0.00503116
0.38178 0.00401082
0.384712 0.0046126
0.386663 0.00405396
0.389313 0.00425057
0.39167 0.00432342
0.394428 0.00428664
0.397811 0.00379603
0.400019 0.00445564
0.402781 0.00385379
0.405015 0.00369338
0.40766 0.00386978
0.410865 0.00324286
0.413244 0.0033826
0.416084 0.0030128
0.418986 0.00315297
0.421544 0.00296567
0.424534 0.00286734
0.42751 0.00257351
0.430034 0.00289306
0.432751 0.00271143
0.436344 0.00216934
0.438896 0.00265326
0.44171 0.00222151
0.444585 0.00225028
0.447784 0.00215985
0.45034 0.0019842
0.453413 0.00192472
0.456575 0.00174304
0.459787 0.00184714
0.462622 0.0017774
0.465862 0.00178579
0.468802 0.0017753
0.471915 0.00158706
0.475472 0.00150778
0.478779 0.00159304
0.481919 0.00153769
0.484939 0.00142719
0.488502 0.00135355
0.491034 0.0013239
0.494348 0.00125983
0.497688 0.0011944
0.500527 0.00128237
0.504331 0.00114088
0.507364 0.00114316
0.510774 0.00111664
0.514275 0.00106212
0.517978 0.00100013
0.521294 0.000995974
0.524822 0.000900674
0.527973 0.000897886
0.531698 0.000885512
0.535226 0.000862454
0.539103 0.000807196
0.543 0.000767485
0.546011 0.000780522
0.549827 0.000727999
0.55369 0.000705885
0.557166 0.000709087
0.560475 0.000698548
0.564609 0.000668015
0.56859 0.000605558
0.572441 0.00059325
0.5763 0.00056328
0.580121 0.000570079
0.583625 0.000544352
0.587525 0.000534134
0.591428 0.000496499
0.595301 0.000493671
0.599624 0.000485985
0.603294 0.000464311
0.60771 0.000430031
0.611568 0.000459651
0.615779 0.000417944
0.619303 0.000408391
0.623194 0.000382443
0.627636 0.000377378
0.631826 0.000367988
0.635971 0.000345481
0.64039 0.000360278
0.644956 0.000324349
0.649302 0.000328838
0.653461 0.000321227
0.657644 0.000301961
0.662026 0.000294258
0.666685 0.000269086
0.670916 0.000283503
0.675462 0.000273969
0.679703 0.000258196
0.684292 0.000254128
0.688927 0.000236694
0.693468 0.0002258
0.698026 0.000215665
0.702952 0.00021259
0.707372 0.000204829
0.712317 0.000204977
0.716936 0.00019559
0.721869 0.000187507
0.726964 0.000179027
0.73163 0.000172934
0.736224 0.000167746
0.74119 0.000160152
0.746118 0.000157992
0.751313 0.000145666
0.756133 0.000152379
0.761156 0.000144841
0.766095 0.000141221
0.771205 0.00013561
0.776456 0.000132484
0.781432 0.00012469
0.786733 0.00012063
0.791574 0.000118203
0.797255 0.000113946
0.802676 0.000108113
0.808005 0.000109385
0.813482 0.000103206
0.818759 0.00010443
0.824173 9.40163e-05
0.829708 9.33853e-05
0.834919 9.2463e-05
0.840568 8.74981e-05
0.846479 8.4341e-05
0.851948 8.08729e-05
0.857592 7.81088e-05
0.863369 7.8949e-05
0.869182 7.34964e-05
0.874831 7.23209e-05
0.880682 7.007e-05
0.886294 6.85628e-05
0.892352 6.51266e-05
0.898399 6.62759e-05
0.904229 6.03537e-05
0.910231 5.91244e-05
0.916513 5.62532e-05
0.922651 5.44897e-05
0.92895 5.39157e-05
0.935092 5.02747e-05
0.940995 4.90888e-05
0.947406 4.85187e-05
0.953652 4.64486e-05
0.960017 4.40799e-05
0.966595 4.42438e-05
0.972908 4.17827e-05
0.979222 4.02591e-05
0.985855 3.98696e-05
0.992666 3.83518e-05
0.998881 3.67764e-05
1.00551 3.44321e-05
1.01216 3.49559e-05
1.01908 3.41067e-05
1.02599 3.22969e-05
1.03271 3.13794e-05
1.03948 3.04396e-05
1.04641 2.90718e-05
1.05346 2.84981e-05
1.06036 2.74895e-05
1.0676 2.67266e-05
1.07471 2.59399e-05
1.08175 2.47235e-05
1.08895 2.40844e-05
1.09637 2.39614e-05
1.10369 2.31961e-05
1.11092 2.18138e-05
1.1181 2.15512e-05
1.12573 2.04133e-05
1.1332 2.00501e-05
1.14081 1.97988e-05
1.14829 1.86058e-05
1.15605 1.84292e-05
1.16374 1.75106e-05
1.1717 1.69131e-05
1.17935 1.61625e-05
1.18713 1.56554e-05
1.195 1.52034e-05
1.20281 1.47662e-05
1.21088 1.4552e-05
1.21904 1.40587e-05
1.22715 1.34801e-05
1.23533 1.28544e-05
1.24354 1.26037e-05
1.25174 1.20413e-05
1.26013 1.1646e-05
1.26845 1.14858e-05
1.27706 1.10716e-05
1.28545 1.07387e-05
1.29387 1.03982e-05
1.3027 9.97051e-06
1.31143 9.68141e-06
1.3202 9.40837e-06
1.32891 8.97364e-06
1.33775 8.64902e-06
1.34663 8.47906e-06
1.35548 8.10783e-06
1.3645 7.87637e-06
1.37362 7.81451e-06
1.38289 7.40992e-06
1.39214 7.02893e-06
1.40146 6.92619e-06
1.41076 6.66065e-06
1.42016 6.51455e-06
1.42955 6.36813e-06
1.43897 6.0663e-06
1.44856 5.85592e-06
1.45815 5.62963e-06
1.46783 5.48335e-06
1.47755 5.24122e-06
1.48753 5.08618e-06
1.4975 4.93318e-06
1.50759 4.80014e-06
1.51744 4.68885e-06
1.52762 4.50638e-06
1.53782 4.34594e-06
1.54798 4.20671e-06
1.55817 4.13572e-06
1.56867 3.97676e-06
1.579 3.84977e-06
1.58955 3.69182e-06
1.60018 3.54899e-06
1.61084 3.53668e-06
1.62148 3.32001e-06
1.63242 3.24447e-06
1.64322 3.13618e-06
1.65411 3.05058e-06
1.66512 2.91863e-06
1.67627 2.82811e-06
1.68736 2.78577e-06
1.69863 2.65513e-06
1.70994 2.55585e-06
1.72135 2.46337e-06
1.73279 2.3989e-06
1.74428 2.30943e-06
1.75588 2.2335e-06
1.76756 2.15602e-06
1.77941 2.09652e-06
1.79124 2.02825e-06
1.80325 1.95616e-06
1.81507 1.90851e-06
1.82722 1.83309e-06
1.83948 1.78664e-06
1.85166 1.70707e-06
1.86408 1.65661e-06
1.87633 1.60588e-06
1.88886 1.56032e-06
1.90144 1.49379e-06
1.914 1.45714e-06
1.92679 1.39272e-06
1.93957 1.35306e-06
1.95256 1.30515e-06
1.96563 1.27351e-06
1.97869 1.22461e-06
1.99179 1.18481e-06
2.00509 1.13946e-06
2.01846 1.11224e-06
2.03193 1.0773e-06
2.04528 1.0379e-06
2.05892 1.0002e-06
2.07279 9.60767e-07
2.0865 9.3547e-07
2.10039 8.96413e-07
2.11443 8.7027e-07
2.12845 8.47894e-07
2.14263 8.13283e-07
2.15695 7.94648e-07
2.17119 7.58612e-07
2.18567 7.36582e-07
2.20036 7.13803e-07
2.21494 6.93059e-07
2.22958 6.61506e-07
2.24445 6.35749e-07
2.25936 6.17973e-07
2.27439 5.96993e-07
2.28969 5.77899e-07
2.30493 5.57327e-07
2.32027 5.41306e-07
2.33573 5.19153e-07
2.35122 4.99914e-07
2.3669 4.85514e-07
2.38266 4.69702e-07
2.39847 4.51977e-07
2.41442 4.39508e-07
2.43055 4.20503e-07
2.44673 4.07604e-07
2.4629 3.94818e-07
2.47932 3.83322e-07
2.4959 3.67725e-07
2.51254 3.55262e-07
2.52927 3.42107e-07
2.54604 3.32265e-07
2.56299 3.2077e-07
2.58009 3.09522e-07
2.5973 2.99172e-07
2.61455 2.87765e-07
2.63195 2.79633e-07
2.64948 2.67239e-07
2.66707 2.59478e-07
2.68485 2.51413e-07
2.70286 2.41244e-07
2.72085 2.33311e-07
2.73892 2.25441e-07
2.75712 2.17186e-07
2.77543 2.10681e-07
2.79389 2.02486e-07
2.81251 1.96205e-07
2.83127 1.8842e-07
2.85007 1.82117e-07
2.86897 1.75581e-07
2.88818 1.69508e-07
2.90739 1.64177e-07
2.92669 1.58046e-07
2.94616 1.52423e-07
2.96573 1.47437e-07
2.98548 1.42162e-07
3.00539 1.37235e-07
3.02539 1.31588e-07
3.04557 1.26911e-07
3.06592 1.22638e-07
3.0863 1.18846e-07
3.10684 1.14594e-07
3.12756 1.10623e-07
3.1484 1.06522e-07
3.16935 1.02567e-07
3.19042 9.87596e-08
3.21172 9.52898e-08
3.2331 9.17323e-08
3.25451 8.87706e-08
3.27615 8.56529e-08
3.2979 8.24343e-08
3.31984 7.94815e-08
3.34198 7.64591e-08
3.3643 7.37065e-08
3.38673 7.14242e-08
3.40918 6.88691e-08
3.43196 6.62144e-08
3.45493 6.39193e-08
3.47788 6.14164e-08
3.50098 5.92542e-08
3.52428 5.73342e-08
3.54776 5.51441e-08
3.5713 5.3161e-08
3.59506 5.12652e-08
3.61902 4.93388e-08
3.64313 4.76139e-08
3.66736 4.58074e-08
3.69182 4.4171e-08
3.71639 4.25608e-08
3.7411 4.10357e-08
3.76602 3.95927e-08
3.7911 3.79934e-08
3.81637 3.65778e-08
3.8418 3.52972e-08
3.8673 3.41426e-08
3.89298 3.27994e-08
3.91895 3.14933e-08
3.94503 3.04046e-08
3.97125 2.93307e-08
3.99772 2.8128e-08
4.02443 2.71053e-08
4.05121 2.61657e-08
4.07809 2.51935e-08
4.10526 2.42729e-08
4.13259 2.34032e-08
4.16008 2.24722e-08
4.18785 2.16937e-08
4.21573 2.09133e-08
4.24371 2.01536e-08
4.27197 1.93303e-08
4.30044 1.86795e-08
4.32905 1.79909e-08
4.35788 1.7302e-08
4.38688 1.66649e-08
4.41605 1.60046e-08
4.44546 1.54469e-08
4.47509 1.48633e-08
4.50493 1.433e-08
4.53494 1.38291e-08
4.56506 1.32461e-08
4.59545 1.27538e-08
4.62609 1.22914e-08
4.65691 1.18169e-08
4.68789 1.13593e-08
4.71906 1.094e-08
4.75048 1.05441e-08
4.78209 1.01642e-08
4.8139 9.74323e-09
4.84595 9.40243e-09
4.87821 9.0299e-09
4.91071 8.68354e-09
4.94338 8.37662e-09
4.97629 8.05145e-09
5.00945 7.75502e-09
5.04276 7.46721e-09
5.07626 7.19878e-09
5.1101 6.91655e-09
5.14418 6.65729e-09
5.1784 6.40652e-09
5.21287 6.16185e-09
5.24757 5.92363e-09
5.2825 5.70007e-09
5.31768 5.48837e-09
5.35308 5.28009e-09
5.38871 5.07774e-09
5.42459 4.88925e-09
5.46071 4.70212e-09
5.49705 4.51715e-09
5.53363 4.34499e-09
5.57046 4.19073e-09
5.60749 4.03493e-09
5.64482 3.87452e-09
5.68244 3.72787e-09
5.72029 3.58733e-09
5.7584 3.45068e-09
5.79671 3.32412e-09
5.83528 3.19622e-09
5.87416 3.0733e-09
5.91325 2.96135e-09
5.95258 2.84924e-09
5.99221 2.73795e-09
6.03213 2.6352e-09
6.07232 2.53453e-09
6.11272 2.43771e-09
6.15341 2.34304e-09
6.1944 2.25746e-09
6.23563 2.16977e-09
6.27716 2.08885e-09
6.31895 2.00945e-09
6.36099 1.93211e-09
6.40334 1.86202e-09
6.44597 1.78838e-09
6.48883 1.71722e-09
6.53202 1.65392e-09
6.57553 1.58979e-09
6.61931 1.52849e-09
6.66339 1.47106e-09
6.70776 1.41671e-09
6.7524 1.36017e-09
6.79737 1.30852e-09
6.84263 1.25891e-09
6.88816 1.20973e-09
6.93399 1.16399e-09
6.98015 1.11887e-09
7.02663 1.07729e-09
7.0734 1.03588e-09
7.12047 9.96851e-10
7.16789 9.57567e-10
7.21564 9.2078e-10
7.26365 8.86633e-10
7.312 8.52791e-10
7.36069 8.19582e-10
7.40968 7.88268e-10
7.459 7.57402e-10
7.50862 7.28467e-10
7.5586 7.01643e-10
7.60894 6.75791e-10
7.65961 6.48608e-10
7.7106 6.23382e-10
7.76192 5.99327e-10
7.81363 5.77018e-10
7.86566 5.5535e-10
7.91801 5.33488e-10
7.97072 5.13962e-10
8.02376 4.94701e-10
8.07717 4.75908e-10
8.13095 4.57841e-10
8.18507 4.4026e-10
8.23956 4.23897e-10
8.29442 4.07871e-10
8.34962 3.92652e-10
8.40521 3.77997e-10
8.46119 3.63486e-10
8.51752 3.50291e-10
8.57417 3.37566e-10
8.63126 3.2467e-10
8.68876 3.12875e-10
8.74657 3.01157e-10
8.80479 2.90224e-10
8.86345 2.79476e-10
8.92244 2.68983e-10
8.98183 2.59289e-10
9.04164 2.49741e-10
9.10181 2.40832e-10
9.1624 2.32296e-10
9.22341 2.24044e-10
9.28477 2.16022e-10
9.34659 2.08243e-10
9.40883 2.01042e-10
9.47148 1.93997e-10
9.53453 1.87251e-10
9.59797 1.81028e-10
9.66188 1.74767e-10
9.72619 1.68881e-10
9.79093 1.63232e-10
9.85612 1.57934e-10
9.92173 1.52909e-10
9.98778 1.48025e-10
10.0543 1.43467e-10
10.1212 1.39011e-10
10.1886 1.34675e-10
10.2564 1.3058e-10
10.3247 1.26843e-10
10.3934 1.23135e-10
10.4626 1.19728e-10
10.5323 1.16439e-10
10.6024 1.13355e-10
10.6729 1.1058e-10
10.7439 1.0738e-10
10.8154 1.03549e-10
10.8874 9.99473e-11
10.9599 9.64083e-11
11.0329 9.3047e-11
11.1063 8.97021e-11
11.1802 8.65985e-11
11.2546 8.35695e-11
11.3296 8.05692e-11
11.405 7.78701e-11
11.4809 7.51325e-11
11.5573 7.25917e-11
11.6343 7.01285e-11
11.7117 6.77193e-11
11.7897 6.54764e-11
11.8682 6.33165e-11
11.9472 6.12129e-11
12.0267 5.92203e-11
12.1068 5.72453e-11
12.1874 5.54215e-11
12.2685 5.36756e-11
12.3502 5.19639e-11
12.4324 5.02966e-11
12.5151 4.88009e-11
12.5985 4.73105e-11
12.6823 4.58815e-11
12.7667 4.45422e-11
12.8517 4.31644e-11
12.9373 4.19425e-11
13.0234 4.07753e-11
13.1101 3.96371e-11
13.1973 3.85435e-11
13.2852 3.75214e-11
13.3736 3.65447e-11
13.4626 3.56409e-11
13.5522 3.47823e-11
13.6424 3.38956e-11
13.7332 3.31511e-11
13.8247 3.23981e-11
13.9167 3.16981e-11
14.0093 3.10213e-11
14.1025 3.03671e-11
14.1964 2.97641e-11
14.2909 2.91683e-11
14.386 2.8658e-11
14.4818 2.8135e-11
14.5781 2.76177e-11
14.6751 2.70714e-11
14.7727 2.65168e-11
14.8711 2.59385e-11
14.97 2.53161e-11
15.0695 2.45777e-11
15.1698 2.37006e-11
15.2709 2.28997e-11
15.3726 2.23254e-11
15.4749 2.16624e-11
15.5779 2.11925e-11
15.6816 2.0696e-11
15.786 2.02772e-11
15.8911 1.98896e-11
15.9968 1.95686e-11
16.1033 1.92886e-11
16.2104 1.90136e-11
16.3183 1.8811e-11
16.4269 1.86286e-11
16.5362 1.83987e-11
16.6462 1.8299e-11
16.757 1.82838e-11
16.8685 1.83022e-11
16.9806 1.83253e-11
17.0936 1.83741e-11
17.2072 1.84615e-11
17.3216 1.86314e-11
17.4366 1.88632e-11
17.5525 1.92229e-11
17.6693 1.95669e-11
17.7861 2.0041e-11
17.9035 2.04272e-11
18.0221 2.10583e-11
18.1408 2.20625e-11
18.2586 2.31129e-11
18.374 2.47868e-11
18.4789 2.62854e-11
