# in Mpc/h Units 
# (k P_nu(k))
# a= 0.211474
# nk = 757
0.020944 53.1668
0.0296192 19.4227
0.036276 9.56228
0.0418879 5.5318
0.0468321 3.64346
0.051302 2.62258
0.0592384 1.57333
0.0628319 1.26844
0.0662306 1.01223
0.0694632 0.847901
0.072552 0.725742
0.0755145 0.563108
0.0783651 0.478855
0.0837758 0.389251
0.0863541 0.299731
0.0888577 0.254454
0.0912926 0.231295
0.0936642 0.217144
0.0959772 0.175966
0.0982358 0.156172
0.102604 0.135322
0.10472 0.115
0.106794 0.103739
0.108828 0.0921261
0.112787 0.0853917
0.114715 0.077699
0.118477 0.0702564
0.120314 0.0668776
0.122123 0.0610199
0.123906 0.0553425
0.125664 0.0493553
0.127397 0.0482617
0.129107 0.0435377
0.132461 0.034433
0.134107 0.0380741
0.135732 0.0356796
0.137339 0.0334423
0.138926 0.0334746
0.140496 0.0281999
0.142049 0.0263712
0.145104 0.017059
0.146608 0.022735
0.148096 0.0218491
0.14957 0.0206122
0.151029 0.0199854
0.152474 0.0194962
0.153906 0.0178859
0.15673 0.0159967
0.158123 0.0151827
0.159504 0.0143414
0.160874 0.0134887
0.163577 0.0137798
0.164913 0.0119155
0.167552 0.0108585
0.168856 0.0104306
0.170149 0.0107298
0.171434 0.010181
0.172708 0.00964757
0.173974 0.00861288
0.17523 0.00887662
0.177715 0.00957337
0.178945 0.00729323
0.180167 0.00805736
0.18138 0.0081698
0.182585 0.00693455
0.183782 0.00710781
0.184972 0.00700956
0.187328 0.00616983
0.188496 0.00693114
0.190347 0.00580713
0.191954 0.00619665
0.193094 0.00524988
0.194226 0.00536733
0.196472 0.00526844
0.197585 0.00524054
0.199006 0.00520842
0.201976 0.004806
0.203059 0.00408334
0.205208 0.00391977
0.206274 0.00407899
0.207335 0.00369329
0.20839 0.00394429
0.210326 0.00363442
0.211524 0.00378484
0.213587 0.00298439
0.214612 0.0029513
0.215631 0.00303273
0.216957 0.00286989
0.218661 0.00272961
0.219662 0.00291272
0.223129 0.00239807
0.224599 0.00226254
0.22618 0.00243144
0.22751 0.00250527
0.229429 0.00196561
0.230383 0.00221254
0.231604 0.00212761
0.23416 0.00190387
0.235095 0.00178009
0.236954 0.00194062
0.238108 0.00184457
0.239975 0.00178026
0.241537 0.001597
0.242444 0.00153747
0.244844 0.00148894
0.246417 0.00139955
0.248401 0.00146271
0.249576 0.00128516
0.251327 0.00119074
0.252777 0.00128906
0.254191 0.00131506
0.25601 0.00127916
0.258214 0.00107552
0.2594 0.00108791
0.26075 0.000893104
0.262904 0.00102425
0.265657 0.00097661
0.266722 0.000873893
0.268622 0.000882871
0.269844 0.000951034
0.271964 0.000858591
0.273543 0.000832166
0.275842 0.000745549
0.277853 0.000935793
0.279641 0.000756111
0.28148 0.000797626
0.282936 0.000670158
0.285198 0.000721289
0.286404 0.000647044
0.288084 0.000630071
0.291553 0.000570163
0.292736 0.000628399
0.294335 0.000563416
0.296659 0.000513309
0.298323 0.000484583
0.300394 0.000494345
0.302928 0.00046406
0.304588 0.000469053
0.305974 0.000484603
0.308578 0.000435
0.310884 0.000403255
0.312408 0.000376033
0.314799 0.000377411
0.317265 0.000396542
0.319597 0.000345966
0.320771 0.000329278
0.3227 0.000342003
0.32574 0.000329209
0.32795 0.000308853
0.330224 0.000302708
0.331726 0.000290196
0.333831 0.000280081
0.336246 0.000263368
0.338319 0.000260055
0.341157 0.000253167
0.343593 0.000220425
0.346262 0.000211995
0.347842 0.000205329
0.350326 0.000221493
0.352828 0.000182039
0.354442 0.000182452
0.356776 0.000187001
0.359142 0.000176824
0.361681 0.000174381
0.363857 0.000171324
0.366441 0.000153211
0.368657 0.00015972
0.371486 0.000163143
0.374587 0.000132756
0.376839 0.000141893
0.379079 0.000142275
0.38178 0.000125562
0.384712 0.000115384
0.386663 0.000108887
0.389313 0.000113697
0.39167 0.000112782
0.394428 0.000109518
0.397811 9.92165e-05
0.400019 0.000110564
0.402781 0.000101097
0.405015 9.70401e-05
0.40766 9.62689e-05
0.410865 8.38909e-05
0.413244 8.53953e-05
0.416084 7.94064e-05
0.418986 7.92146e-05
0.421544 7.44908e-05
0.424534 7.27755e-05
0.42751 6.2177e-05
0.430034 7.0549e-05
0.432751 6.64868e-05
0.436344 6.34499e-05
0.438896 6.14059e-05
0.44171 5.72211e-05
0.444585 5.22644e-05
0.447784 4.93549e-05
0.45034 4.84969e-05
0.453413 4.62222e-05
0.456575 4.25423e-05
0.459787 4.47472e-05
0.462622 4.19104e-05
0.465862 4.19279e-05
0.468802 3.86413e-05
0.471915 3.80674e-05
0.475472 3.63925e-05
0.478779 3.66616e-05
0.481919 3.51794e-05
0.484939 3.22483e-05
0.488502 3.2065e-05
0.491034 3.07371e-05
0.494348 2.77082e-05
0.497688 2.77034e-05
0.500527 2.87802e-05
0.504331 2.71945e-05
0.507364 2.56247e-05
0.510774 2.41138e-05
0.514275 2.32025e-05
0.517978 2.23849e-05
0.521294 2.11173e-05
0.524822 1.99886e-05
0.527973 1.96601e-05
0.531698 1.88458e-05
0.535226 1.82576e-05
0.539103 1.79945e-05
0.543 1.76074e-05
0.546011 1.61983e-05
0.549827 1.53505e-05
0.55369 1.57585e-05
0.557166 1.43617e-05
0.560475 1.49415e-05
0.564609 1.38098e-05
0.56859 1.37093e-05
0.572441 1.32268e-05
0.5763 1.22255e-05
0.580121 1.16488e-05
0.583625 1.1798e-05
0.587525 1.05804e-05
0.591428 1.04976e-05
0.595301 9.81308e-06
0.599624 9.83551e-06
0.603294 9.64421e-06
0.60771 8.8384e-06
0.611568 8.80976e-06
0.615779 8.40765e-06
0.619303 8.04735e-06
0.623194 7.69686e-06
0.627636 7.43296e-06
0.631826 7.2396e-06
0.635971 6.56306e-06
0.64039 6.91207e-06
0.644956 6.67467e-06
0.649302 6.22055e-06
0.653461 5.97042e-06
0.657644 5.71539e-06
0.662026 5.58063e-06
0.666685 5.26869e-06
0.670916 4.99365e-06
0.675462 4.80181e-06
0.679703 4.87503e-06
0.684292 4.51606e-06
0.688927 4.34546e-06
0.693468 4.01338e-06
0.698026 3.92951e-06
0.702952 3.95349e-06
0.707372 3.5738e-06
0.712317 3.57886e-06
0.716936 3.48791e-06
0.721869 3.4622e-06
0.726964 3.11498e-06
0.73163 2.94198e-06
0.736224 2.91834e-06
0.74119 2.89686e-06
0.746118 2.71479e-06
0.751313 2.61575e-06
0.756133 2.63597e-06
0.761156 2.44269e-06
0.766095 2.38309e-06
0.771205 2.23188e-06
0.776456 2.2215e-06
0.781432 2.06274e-06
0.786733 1.93287e-06
0.791574 1.99144e-06
0.797255 1.86931e-06
0.802676 1.81147e-06
0.808005 1.70709e-06
0.813482 1.67126e-06
0.818759 1.63485e-06
0.824173 1.56363e-06
0.829708 1.51214e-06
0.834919 1.43084e-06
0.840568 1.35633e-06
0.846479 1.36809e-06
0.851948 1.26304e-06
0.857592 1.21163e-06
0.863369 1.17833e-06
0.869182 1.1576e-06
0.874831 1.09165e-06
0.880682 1.07353e-06
0.886294 9.98197e-07
0.892352 9.68328e-07
0.898399 9.15765e-07
0.904229 9.20114e-07
0.910231 8.81525e-07
0.916513 8.14665e-07
0.922651 7.86725e-07
0.92895 7.71816e-07
0.935092 7.40151e-07
0.940995 7.20263e-07
0.947406 6.98104e-07
0.953652 6.56952e-07
0.960017 6.18955e-07
0.966595 6.21464e-07
0.972908 5.96969e-07
0.979222 5.6105e-07
0.985855 5.46372e-07
0.992666 5.42409e-07
0.998881 5.11064e-07
1.00551 4.90046e-07
1.01216 4.77871e-07
1.01908 4.48905e-07
1.02599 4.34091e-07
1.03271 4.19349e-07
1.03948 3.96323e-07
1.04641 3.93988e-07
1.05346 3.70414e-07
1.06036 3.53637e-07
1.0676 3.4343e-07
1.07471 3.30593e-07
1.08175 3.14376e-07
1.08895 3.04943e-07
1.09637 2.97558e-07
1.10369 2.84284e-07
1.11092 2.76606e-07
1.1181 2.6616e-07
1.12573 2.60393e-07
1.1332 2.43349e-07
1.14081 2.39237e-07
1.14829 2.232e-07
1.15605 2.18855e-07
1.16374 2.07772e-07
1.1717 2.02277e-07
1.17935 1.9535e-07
1.18713 1.8863e-07
1.195 1.80028e-07
1.20281 1.72963e-07
1.21088 1.67772e-07
1.21904 1.59022e-07
1.22715 1.52153e-07
1.23533 1.5166e-07
1.24354 1.42462e-07
1.25174 1.37679e-07
1.26013 1.33662e-07
1.26845 1.2742e-07
1.27706 1.22795e-07
1.28545 1.18831e-07
1.29387 1.13403e-07
1.3027 1.1169e-07
1.31143 1.05853e-07
1.3202 1.01171e-07
1.32891 9.73219e-08
1.33775 9.41935e-08
1.34663 8.98364e-08
1.35548 8.71025e-08
1.3645 8.45676e-08
1.37362 8.03471e-08
1.38289 7.8403e-08
1.39214 7.45292e-08
1.40146 7.22275e-08
1.41076 6.94065e-08
1.42016 6.63546e-08
1.42955 6.48542e-08
1.43897 6.23896e-08
1.44856 5.95607e-08
1.45815 5.76939e-08
1.46783 5.53496e-08
1.47755 5.36273e-08
1.48753 4.97912e-08
1.4975 4.85701e-08
1.50759 4.71284e-08
1.51744 4.63978e-08
1.52762 4.3987e-08
1.53782 4.21705e-08
1.54798 4.09118e-08
1.55817 3.9367e-08
1.56867 3.76089e-08
1.579 3.67471e-08
1.58955 3.50935e-08
1.60018 3.37823e-08
1.61084 3.2614e-08
1.62148 3.09047e-08
1.63242 2.98883e-08
1.64322 2.88067e-08
1.65411 2.76324e-08
1.66512 2.69648e-08
1.67627 2.56294e-08
1.68736 2.49361e-08
1.69863 2.37968e-08
1.70994 2.30492e-08
1.72135 2.23342e-08
1.73279 2.11785e-08
1.74428 2.04945e-08
1.75588 1.98567e-08
1.76756 1.91319e-08
1.77941 1.84644e-08
1.79124 1.75198e-08
1.80325 1.69105e-08
1.81507 1.63664e-08
1.82722 1.5633e-08
1.83948 1.52235e-08
1.85166 1.45745e-08
1.86408 1.40074e-08
1.87633 1.36117e-08
1.88886 1.30311e-08
1.90144 1.26542e-08
1.914 1.21819e-08
1.92679 1.15539e-08
1.93957 1.12711e-08
1.95256 1.07814e-08
1.96563 1.03599e-08
1.97869 9.90182e-09
1.99179 9.7059e-09
2.00509 9.37983e-09
2.01846 8.92778e-09
2.03193 8.62397e-09
2.04528 8.32716e-09
2.05892 8.00385e-09
2.07279 7.74583e-09
2.0865 7.37101e-09
2.10039 7.15814e-09
2.11443 6.89612e-09
2.12845 6.63131e-09
2.14263 6.39486e-09
2.15695 6.1389e-09
2.17119 5.9632e-09
2.18567 5.7101e-09
2.20036 5.4842e-09
2.21494 5.29448e-09
2.22958 5.10455e-09
2.24445 4.92201e-09
2.25936 4.73838e-09
2.27439 4.57359e-09
2.28969 4.38959e-09
2.30493 4.24893e-09
2.32027 4.09774e-09
2.33573 3.95425e-09
2.35122 3.77021e-09
2.3669 3.64515e-09
2.38266 3.49912e-09
2.39847 3.37981e-09
2.41442 3.29158e-09
2.43055 3.14877e-09
2.44673 3.02583e-09
2.4629 2.90416e-09
2.47932 2.79658e-09
2.4959 2.70899e-09
2.51254 2.60404e-09
2.52927 2.52494e-09
2.54604 2.42261e-09
2.56299 2.33309e-09
2.58009 2.25565e-09
2.5973 2.16831e-09
2.61455 2.08854e-09
2.63195 2.00207e-09
2.64948 1.93957e-09
2.66707 1.86673e-09
2.68485 1.80555e-09
2.70286 1.73957e-09
2.72085 1.67587e-09
2.73892 1.61643e-09
2.75712 1.56258e-09
2.77543 1.48959e-09
2.79389 1.43902e-09
2.81251 1.39234e-09
2.83127 1.33856e-09
2.85007 1.29109e-09
2.86897 1.2351e-09
2.88818 1.19469e-09
2.90739 1.16177e-09
2.92669 1.10616e-09
2.94616 1.07043e-09
2.96573 1.03314e-09
2.98548 9.99602e-10
3.00539 9.59992e-10
3.02539 9.24739e-10
3.04557 8.93501e-10
3.06592 8.62846e-10
3.0863 8.31697e-10
3.10684 8.00583e-10
3.12756 7.73526e-10
3.1484 7.43445e-10
3.16935 7.18402e-10
3.19042 6.9499e-10
3.21172 6.67366e-10
3.2331 6.40489e-10
3.25451 6.20056e-10
3.27615 5.95883e-10
3.2979 5.74022e-10
3.31984 5.53622e-10
3.34198 5.34564e-10
3.3643 5.15435e-10
3.38673 4.97621e-10
3.40918 4.8144e-10
3.43196 4.61758e-10
3.45493 4.47015e-10
3.47788 4.3008e-10
3.50098 4.13413e-10
3.52428 3.99679e-10
3.54776 3.85201e-10
3.5713 3.71017e-10
3.59506 3.58969e-10
3.61902 3.45628e-10
3.64313 3.34823e-10
3.66736 3.21043e-10
3.69182 3.09394e-10
3.71639 2.98982e-10
3.7411 2.89292e-10
3.76602 2.78176e-10
3.7911 2.67029e-10
3.81637 2.58936e-10
3.8418 2.49467e-10
3.8673 2.40278e-10
3.89298 2.3216e-10
3.91895 2.23524e-10
3.94503 2.14847e-10
3.97125 2.08815e-10
3.99772 2.00743e-10
4.02443 1.93076e-10
4.05121 1.86919e-10
4.07809 1.80097e-10
4.10526 1.73713e-10
4.13259 1.68009e-10
4.16008 1.62021e-10
4.18785 1.56011e-10
4.21573 1.50393e-10
4.24371 1.45356e-10
4.27197 1.39939e-10
4.30044 1.35307e-10
4.32905 1.29879e-10
4.35788 1.25585e-10
4.38688 1.21512e-10
4.41605 1.17149e-10
4.44546 1.13217e-10
4.47509 1.09105e-10
4.50493 1.05002e-10
4.53494 1.01641e-10
4.56506 9.80982e-11
4.59545 9.46474e-11
4.62609 9.1411e-11
4.65691 8.82432e-11
4.68789 8.53221e-11
4.71906 8.22195e-11
4.75048 7.92218e-11
4.78209 7.65017e-11
4.8139 7.41331e-11
4.84595 7.14176e-11
4.87821 6.90238e-11
4.91071 6.66168e-11
4.94338 6.44442e-11
4.97629 6.22288e-11
5.00945 6.02555e-11
5.04276 5.8024e-11
5.07626 5.60152e-11
5.1101 5.42992e-11
5.14418 5.23202e-11
5.1784 5.05558e-11
5.21287 4.89991e-11
5.24757 4.71876e-11
5.2825 4.57266e-11
5.31768 4.42225e-11
5.35308 4.26189e-11
5.38871 4.13172e-11
5.42459 3.9924e-11
5.46071 3.86781e-11
5.49705 3.7407e-11
5.53363 3.61706e-11
5.57046 3.50007e-11
5.60749 3.39255e-11
5.64482 3.27772e-11
5.68244 3.17352e-11
5.72029 3.06815e-11
5.7584 2.97987e-11
5.79671 2.88042e-11
5.83528 2.79801e-11
5.87416 2.7033e-11
5.91325 2.62359e-11
5.95258 2.54245e-11
5.99221 2.46535e-11
6.03213 2.38748e-11
6.07232 2.31475e-11
6.11272 2.24766e-11
6.15341 2.18047e-11
6.1944 2.11718e-11
6.23563 2.05526e-11
6.27716 1.99521e-11
6.31895 1.94104e-11
6.36099 1.88222e-11
6.40334 1.82343e-11
6.44597 1.77833e-11
6.48883 1.72834e-11
6.53202 1.67569e-11
6.57553 1.63104e-11
6.61931 1.58887e-11
6.66339 1.5436e-11
6.70776 1.50048e-11
6.7524 1.45968e-11
6.79737 1.41974e-11
6.84263 1.38246e-11
6.88816 1.34565e-11
6.93399 1.31101e-11
6.98015 1.2764e-11
7.02663 1.24329e-11
7.0734 1.20871e-11
7.12047 1.18088e-11
7.16789 1.15335e-11
7.21564 1.12014e-11
7.26365 1.09082e-11
7.312 1.0664e-11
7.36069 1.03556e-11
7.40968 1.00884e-11
7.459 9.88266e-12
7.50862 9.60531e-12
7.5586 9.36529e-12
7.60894 9.13109e-12
7.65961 8.89595e-12
7.7106 8.68126e-12
7.76192 8.44779e-12
7.81363 8.24359e-12
7.86566 8.03339e-12
7.91801 7.84385e-12
7.97072 7.62892e-12
8.02376 7.44986e-12
8.07717 7.25777e-12
8.13095 7.09698e-12
8.18507 6.9063e-12
8.23956 6.74777e-12
8.29442 6.57333e-12
8.34962 6.38752e-12
8.40521 6.25056e-12
8.46119 6.08744e-12
8.51752 5.93913e-12
8.57417 5.80664e-12
8.63126 5.66259e-12
8.68876 5.51564e-12
8.74657 5.37442e-12
8.80479 5.24934e-12
8.86345 5.12172e-12
8.92244 4.99982e-12
8.98183 4.87131e-12
9.04164 4.76141e-12
9.10181 4.6431e-12
9.1624 4.53584e-12
9.22341 4.42971e-12
9.28477 4.32629e-12
9.34659 4.22256e-12
9.40883 4.12947e-12
9.47148 4.03635e-12
9.53453 3.94656e-12
9.59797 3.85957e-12
9.66188 3.77361e-12
9.72619 3.69271e-12
9.79093 3.618e-12
9.85612 3.54196e-12
9.92173 3.46931e-12
9.98778 3.40358e-12
10.0543 3.33179e-12
10.1212 3.26869e-12
10.1886 3.21034e-12
10.2564 3.15387e-12
10.3247 3.09584e-12
10.3934 3.04477e-12
10.4626 2.99721e-12
10.5323 2.94971e-12
10.6024 2.90347e-12
10.6729 2.86461e-12
10.7439 2.78247e-12
10.8154 2.62763e-12
10.8874 2.4934e-12
10.9599 2.37929e-12
11.0329 2.27842e-12
11.1063 2.18972e-12
11.1802 2.11191e-12
11.2546 2.04284e-12
11.3296 1.97987e-12
11.405 1.92413e-12
11.4809 1.8725e-12
11.5573 1.8263e-12
11.6343 1.78246e-12
11.7117 1.74375e-12
11.7897 1.70659e-12
11.8682 1.67114e-12
11.9472 1.63859e-12
12.0267 1.60566e-12
12.1068 1.57666e-12
12.1874 1.5494e-12
12.2685 1.52316e-12
12.3502 1.49642e-12
12.4324 1.47334e-12
12.5151 1.45001e-12
12.5985 1.42765e-12
12.6823 1.40388e-12
12.7667 1.38239e-12
12.8517 1.3633e-12
12.9373 1.34248e-12
13.0234 1.324e-12
13.1101 1.30308e-12
13.1973 1.28601e-12
13.2852 1.26934e-12
13.3736 1.25232e-12
13.4626 1.23543e-12
13.5522 1.21972e-12
13.6424 1.20559e-12
13.7332 1.19007e-12
13.8247 1.17729e-12
13.9167 1.16512e-12
14.0093 1.15115e-12
14.1025 1.13837e-12
14.1964 1.12654e-12
14.2909 1.11527e-12
14.386 1.1051e-12
14.4818 1.09414e-12
14.5781 1.08075e-12
14.6751 1.06949e-12
14.7727 1.05467e-12
14.8711 1.03917e-12
14.97 1.01893e-12
15.0695 9.93506e-13
15.1698 9.63151e-13
15.2709 9.38725e-13
15.3726 9.222e-13
15.4749 9.11567e-13
15.5779 9.02875e-13
15.6816 8.96248e-13
15.786 8.91713e-13
15.8911 8.87102e-13
15.9968 8.84933e-13
16.1033 8.84289e-13
16.2104 8.83621e-13
16.3183 8.84512e-13
16.4269 8.87038e-13
16.5362 8.90222e-13
16.6462 8.9437e-13
16.757 9.00655e-13
16.8685 9.06707e-13
16.9806 9.21369e-13
17.0936 9.28589e-13
17.2072 9.4762e-13
17.3216 9.62379e-13
17.4366 9.81657e-13
17.5525 1.00218e-12
17.6693 1.0328e-12
17.7861 1.06716e-12
17.9035 1.09749e-12
18.0221 1.13688e-12
18.1408 1.18196e-12
18.2586 1.2198e-12
18.374 1.28846e-12
18.4789 1.37815e-12
