0.000000000000000000e+00 0.000000000000000000e+00 1.000000000000000000e+00
2.966547016023049222e-05 1.820335722213212500e+13 2.600000000000000000e+01
5.419127478489826899e-05 1.028669040813474023e+13 9.600000000000000000e+01
7.352296279350412078e-05 7.365650969245421875e+12 1.280000000000000000e+02
9.389855742568236892e-05 5.284701798614059570e+12 2.580000000000000000e+02
1.158725991235069817e-04 3.881469919157411133e+12 4.160000000000000000e+02
1.366478460172924035e-04 2.962448191756811035e+12 4.880000000000000000e+02
1.565363249687504838e-04 2.552860608796165039e+12 6.900000000000000000e+02
1.778955720510566607e-04 2.095501498912502441e+12 9.440000000000000000e+02
1.990977003143960138e-04 1.795007356594980469e+12 1.116000000000000000e+03
2.195136083065773482e-04 1.634860009193499023e+12 1.350000000000000000e+03
2.401897563775092642e-04 1.409455865574325195e+12 1.640000000000000000e+03
2.614777619907888030e-04 1.277958691946777832e+12 2.012000000000000000e+03
2.828791348991739033e-04 1.184015608738375000e+12 2.342000000000000000e+03
3.035493481013598746e-04 1.040792465095911499e+12 2.520000000000000000e+03
3.241235762803953654e-04 9.684804127817119141e+11 3.044000000000000000e+03
3.452349808782958856e-04 9.197108031142473145e+11 3.402000000000000000e+03
3.663220373959401657e-04 8.047517977369506836e+11 3.908000000000000000e+03
3.870323335420426084e-04 7.641322604781778564e+11 4.164000000000000000e+03
4.079442765424508136e-04 7.454571700436152344e+11 4.850000000000000000e+03
4.290508288495219961e-04 6.919272090509237061e+11 5.278000000000000000e+03
4.499199264962810215e-04 6.419068921704183350e+11 5.738000000000000000e+03
4.706853420837009763e-04 6.299548602474827881e+11 6.328000000000000000e+03
4.917663743978291802e-04 5.877138844548344727e+11 7.038000000000000000e+03
5.127686723343992349e-04 5.723536206376988525e+11 7.412000000000000000e+03
5.337335542319532940e-04 5.445268000838395386e+11 8.330000000000000000e+03
5.549800201446776493e-04 5.182841129616004028e+11 8.874000000000000000e+03
5.759912130300024738e-04 4.963085326226953735e+11 9.566000000000000000e+03
5.967421699262660242e-04 4.821509510437582397e+11 9.906000000000000000e+03
6.175678115601301518e-04 4.769852284839697876e+11 1.109600000000000000e+04
6.383415719683501301e-04 4.500738644170343628e+11 1.137600000000000000e+04
6.593344981926793028e-04 4.438940688885214233e+11 1.272200000000000000e+04
6.803914028984011904e-04 4.307779810214855347e+11 1.320200000000000000e+04
7.014542198821641355e-04 4.126189802930997314e+11 1.425000000000000000e+04
7.224268553394682778e-04 4.035573935308389282e+11 1.487800000000000000e+04
7.433377686538733542e-04 3.981484838542633667e+11 1.585600000000000000e+04
7.643057570345914353e-04 3.791896665751146851e+11 1.670800000000000000e+04
7.850935419370501942e-04 3.770889395103981323e+11 1.747000000000000000e+04
8.060212137376749925e-04 3.639066223274240723e+11 1.871400000000000000e+04
8.270109035013945616e-04 3.499668950499240112e+11 1.961800000000000000e+04
8.478809236624057499e-04 3.429329070469827881e+11 2.043000000000000000e+04
8.688274482596475756e-04 3.392588578293882446e+11 2.175400000000000000e+04
8.898088481166329831e-04 3.334317929311875000e+11 2.265800000000000000e+04
9.108524687755773560e-04 3.241097936383286743e+11 2.397800000000000000e+04
9.318601638592801609e-04 3.186596092376950684e+11 2.485400000000000000e+04
9.528007574779614975e-04 3.075468869706293335e+11 2.602400000000000000e+04
9.736277382378045672e-04 2.984110741744598389e+11 2.680400000000000000e+04
9.944946999702632389e-04 2.968127224948092041e+11 2.852400000000000000e+04
1.015482989633682571e-03 2.918871069414013062e+11 2.942800000000000000e+04
1.036461902710500557e-03 2.795546397725913086e+11 3.101800000000000000e+04
1.057439497869204059e-03 2.795940402300344849e+11 3.183400000000000000e+04
1.078443002355871467e-03 2.721258466846731873e+11 3.375000000000000000e+04
1.099452363638649902e-03 2.675543050808282776e+11 3.444800000000000000e+04
1.120486208476862908e-03 2.648875163731536560e+11 3.637200000000000000e+04
1.141303192916390957e-03 2.574728456539827271e+11 3.654000000000000000e+04
1.162186681874016400e-03 2.545844823612867126e+11 3.914000000000000000e+04
1.183149620925968070e-03 2.466578433259299011e+11 3.983400000000000000e+04
1.203997363442231659e-03 2.438530472161815186e+11 4.135400000000000000e+04
1.224944994418043515e-03 2.367378251042221069e+11 4.321400000000000000e+04
1.245889918711711548e-03 2.338697321032495422e+11 4.425600000000000000e+04
1.266922621965076200e-03 2.285958328661215820e+11 4.647600000000000000e+04
1.287887052574165437e-03 2.248746486883419495e+11 4.724600000000000000e+04
1.308810967468131744e-03 2.239489356449842834e+11 4.912200000000000000e+04
1.329835386524824215e-03 2.146202476565576782e+11 5.109800000000000000e+04
1.350750192873838166e-03 2.123386875822789612e+11 5.163600000000000000e+04
1.371711424745301715e-03 2.092189998074991150e+11 5.462800000000000000e+04
1.392624036365390158e-03 2.062725169269851379e+11 5.472000000000000000e+04
1.413485876467941759e-03 2.044309946658280640e+11 5.752400000000000000e+04
1.434504920091316795e-03 1.995111380948871460e+11 5.916600000000000000e+04
1.455479173956697328e-03 1.963481658482865601e+11 6.061000000000000000e+04
1.476360066582646643e-03 1.924870465933029480e+11 6.220800000000000000e+04
1.497238293198690064e-03 1.895083403082263794e+11 6.403800000000000000e+04
1.518151436351234361e-03 1.849385926571024475e+11 6.588400000000000000e+04
1.539225064965316948e-03 1.838622368871496887e+11 6.897000000000000000e+04
1.560248804580790637e-03 1.804901947016755676e+11 6.916200000000000000e+04
1.581182494113146002e-03 1.765925701843599854e+11 7.207800000000000000e+04
1.602151900066207339e-03 1.757517630769553528e+11 7.331200000000000000e+04
1.623050404003984794e-03 1.697694570638656921e+11 7.529200000000000000e+04
1.643913830382842884e-03 1.670603676484382324e+11 7.717200000000000000e+04
1.664841698923051399e-03 1.661681222379970703e+11 7.932400000000000000e+04
1.685763907790326479e-03 1.645775015204388733e+11 8.137800000000000000e+04
1.706688757368782965e-03 1.608569784766946106e+11 8.339000000000000000e+04
1.727724992430916670e-03 1.583839926269390564e+11 8.624000000000000000e+04
1.748707814916582084e-03 1.568595630886098633e+11 8.733200000000000000e+04
1.769605465165582101e-03 1.525095958437176514e+11 8.936000000000000000e+04
1.790549613119530193e-03 1.510219871950367432e+11 9.240800000000000000e+04
1.811543500644504680e-03 1.488098296133403625e+11 9.379400000000000000e+04
1.832485551308853837e-03 1.474123889020255127e+11 9.642600000000000000e+04
1.853319488606598731e-03 1.449420976878791504e+11 9.719800000000000000e+04
1.874292282546716334e-03 1.416513359876635742e+11 1.019700000000000000e+05
1.895341291622483146e-03 1.388638442434783630e+11 1.027860000000000000e+05
1.916270427068929782e-03 1.394419660029714050e+11 1.049680000000000000e+05
1.937202914037521083e-03 1.362070452782294464e+11 1.077600000000000000e+05
1.958149652614909336e-03 1.340451560632492676e+11 1.096340000000000000e+05
1.979058784035020620e-03 1.320625496423277893e+11 1.119540000000000000e+05
1.999993474540890347e-03 1.301997932270454865e+11 1.148600000000000000e+05
2.020922110787634791e-03 1.280215550126937103e+11 1.164680000000000000e+05
2.041850748222624919e-03 1.271319100912276001e+11 1.198100000000000000e+05
2.062892259723775670e-03 1.242663900083701172e+11 1.226000000000000000e+05
2.083837585308887137e-03 1.233290095337963562e+11 1.238080000000000000e+05
2.104695197375418270e-03 1.213640347427600250e+11 1.265460000000000000e+05
2.125687115869021645e-03 1.193145362472591248e+11 1.301860000000000000e+05
2.146635125921985115e-03 1.169419081556262207e+11 1.314520000000000000e+05
2.167576534851236702e-03 1.161952704271097412e+11 1.350760000000000000e+05
2.188537900573890582e-03 1.142275977951771545e+11 1.369860000000000000e+05
2.209470176440963673e-03 1.121107115892980804e+11 1.399720000000000000e+05
2.230421037305644043e-03 1.107349592286680908e+11 1.422760000000000000e+05
2.251386027648449254e-03 1.104475183061433868e+11 1.460180000000000000e+05
2.272319819886492107e-03 1.078650261736306305e+11 1.468260000000000000e+05
2.293227522635792395e-03 1.069093934029358063e+11 1.512680000000000000e+05
2.314122960978284415e-03 1.053023685381255646e+11 1.520520000000000000e+05
2.335065946034262530e-03 1.042531090519744110e+11 1.574900000000000000e+05
2.356048445895948112e-03 1.026647128694480896e+11 1.585880000000000000e+05
2.377009828332220329e-03 1.011298025392245331e+11 1.622040000000000000e+05
2.397976401052556630e-03 9.992376436125074768e+10 1.649380000000000000e+05
2.418954157325603569e-03 9.861591372491447449e+10 1.679380000000000000e+05
2.439905991183916652e-03 9.744285769542382812e+10 1.704060000000000000e+05
2.460851374860760499e-03 9.577639527638841248e+10 1.736020000000000000e+05
2.481781295393546607e-03 9.524150463982553101e+10 1.760100000000000000e+05
2.502650413933086952e-03 9.304211925415747070e+10 1.788440000000000000e+05
2.523591626582233523e-03 9.218202695331921387e+10 1.827160000000000000e+05
2.544558463805404389e-03 9.116585688061932373e+10 1.857620000000000000e+05
2.565532067070480388e-03 8.956915817252905273e+10 1.886940000000000000e+05
2.586503041233372598e-03 8.859091718849522400e+10 1.920580000000000000e+05
2.607450880409729367e-03 8.730307164487310791e+10 1.945460000000000000e+05
2.628464482732199327e-03 8.643627946855039978e+10 1.993060000000000000e+05
2.649320156313930263e-03 8.496474409038084412e+10 1.981720000000000000e+05
2.670164066336059953e-03 8.414415232407307434e+10 2.050680000000000000e+05
2.691132520107587366e-03 8.350273594047152710e+10 2.071700000000000000e+05
2.712101461832686425e-03 8.222176482228181458e+10 2.115720000000000000e+05
2.733066501623578320e-03 8.036796150004933167e+10 2.134840000000000000e+05
2.753990483622856169e-03 7.998445275990429688e+10 2.174580000000000000e+05
2.774979431304217935e-03 7.920391756037251282e+10 2.212500000000000000e+05
2.795995700070591679e-03 7.770868048732812500e+10 2.249240000000000000e+05
2.816904271298328270e-03 7.700440175095031738e+10 2.257300000000000000e+05
2.837790049867310559e-03 7.588145736773316956e+10 2.306920000000000000e+05
2.858753194608672828e-03 7.514893116370429993e+10 2.348280000000000000e+05
2.879705102950846397e-03 7.449146418620372009e+10 2.368760000000000000e+05
2.900616066266185639e-03 7.367714399773574829e+10 2.411780000000000000e+05
2.921550576131295204e-03 7.236642809053289795e+10 2.439500000000000000e+05
2.942504689292785910e-03 7.191965702324577332e+10 2.488020000000000000e+05
2.963447957150189965e-03 7.109720516788168335e+10 2.511200000000000000e+05
2.984364966659551650e-03 7.020546861524322510e+10 2.546280000000000000e+05
3.005322098225685339e-03 6.966827447994612122e+10 2.598680000000000000e+05
3.026287417299484365e-03 6.865304089483482361e+10 2.614840000000000000e+05
3.047254626029334383e-03 6.772482252971973419e+10 2.676900000000000000e+05
3.068223221635749381e-03 6.661935756367827606e+10 2.686860000000000000e+05
3.089160096736553313e-03 6.629185937901338196e+10 2.740100000000000000e+05
3.110118452408271693e-03 6.558447294923059845e+10 2.770260000000000000e+05
3.131101157249004466e-03 6.505521369079827881e+10 2.818260000000000000e+05
3.152012107737241914e-03 6.412672628780873108e+10 2.829960000000000000e+05
3.172901328297306114e-03 6.297764936694455719e+10 2.883560000000000000e+05
3.193813538822268261e-03 6.249927183049896240e+10 2.913460000000000000e+05
3.214800502530194403e-03 6.203562474177821350e+10 2.982600000000000000e+05
3.235793302476244835e-03 6.133631155335430908e+10 2.990520000000000000e+05
3.256696732262139276e-03 6.062850413424244690e+10 3.037380000000000000e+05
3.277615792439744248e-03 5.981898348581596375e+10 3.069620000000000000e+05
3.298528834693501607e-03 5.931168811496225739e+10 3.116520000000000000e+05
3.319504985833824327e-03 5.845950303953695679e+10 3.167800000000000000e+05
3.340473107414497489e-03 5.751362266095238495e+10 3.191460000000000000e+05
3.361372050816498203e-03 5.747406655930680847e+10 3.229880000000000000e+05
3.382344779781507396e-03 5.681648031726960754e+10 3.290040000000000000e+05
3.403324916305406657e-03 5.597895794561662292e+10 3.320080000000000000e+05
3.424255332119448009e-03 5.549896478273464203e+10 3.352720000000000000e+05
3.445207728865935532e-03 5.475792564828677368e+10 3.407300000000000000e+05
3.466168487889234595e-03 5.440755500942483521e+10 3.443120000000000000e+05
3.487106416179204613e-03 5.377746324632109833e+10 3.477240000000000000e+05
3.508026612012424706e-03 5.343473784650962830e+10 3.527900000000000000e+05
3.528938131544482899e-03 5.275585454379118347e+10 3.551460000000000000e+05
3.549886480972501337e-03 5.194839785192321777e+10 3.626560000000000000e+05
3.570874151960292363e-03 5.183368289502962494e+10 3.654560000000000000e+05
3.591830053669282409e-03 5.107846508921446991e+10 3.695780000000000000e+05
3.612751942127294565e-03 5.036661459881518555e+10 3.734660000000000000e+05
3.633695287620703016e-03 5.004784543442824554e+10 3.782100000000000000e+05
3.654640656380759439e-03 4.962582348712108612e+10 3.831580000000000000e+05
3.675610751456185200e-03 4.895575699864183807e+10 3.874660000000000000e+05
3.696548704162959734e-03 4.842860132863352966e+10 3.905200000000000000e+05
3.717424036417998380e-03 4.808393781790480804e+10 3.945120000000000000e+05
3.738345997700743325e-03 4.757337051766899109e+10 4.005780000000000000e+05
3.759313376606930775e-03 4.694834166778487396e+10 4.059380000000000000e+05
3.780301687649433723e-03 4.657472342833705139e+10 4.098140000000000000e+05
3.801216422977883244e-03 4.596319556794300079e+10 4.123620000000000000e+05
3.822140407537945143e-03 4.578227107056369781e+10 4.194100000000000000e+05
3.843150642483481386e-03 4.490576977956523132e+10 4.247280000000000000e+05
3.864100309678084478e-03 4.469118882848460388e+10 4.265580000000000000e+05
3.885037448634693670e-03 4.426665038284080505e+10 4.331960000000000000e+05
3.905992546688218190e-03 4.377901279944943237e+10 4.366480000000000000e+05
3.926968889495974571e-03 4.360879342071886444e+10 4.438480000000000000e+05
3.947919912764940274e-03 4.312153806569705963e+10 4.444500000000000000e+05
3.968809095191870237e-03 4.246416351690408325e+10 4.511780000000000000e+05
3.989707591929131034e-03 4.209861454206323242e+10 4.539680000000000000e+05
4.010672832955066748e-03 4.188845501711388397e+10 4.638300000000000000e+05
4.031639383660075987e-03 4.138609260666195679e+10 4.636500000000000000e+05
4.052568136510180212e-03 4.125896483537057495e+10 4.716760000000000000e+05
4.073526038593747178e-03 4.047825412424563599e+10 4.750940000000000000e+05
4.094489398659429888e-03 4.027750737481172180e+10 4.809620000000000000e+05
4.115445453160421208e-03 3.990790220749517059e+10 4.855700000000000000e+05
4.136358162412105167e-03 3.962798884990790558e+10 4.881840000000000000e+05
4.157271722718521023e-03 3.913736480761011505e+10 4.955520000000000000e+05
4.178226448857211110e-03 3.887662056384471893e+10 5.002980000000000000e+05
4.199180132835248283e-03 3.820985653789185333e+10 5.052500000000000000e+05
4.220122271474228276e-03 3.801423321384281158e+10 5.104780000000000000e+05
4.241058615773919509e-03 3.774892117334730530e+10 5.140660000000000000e+05
4.262016527872686950e-03 3.742551928351424408e+10 5.225060000000000000e+05
4.282957108014494481e-03 3.699314826192297363e+10 5.232600000000000000e+05
4.303920606016589483e-03 3.664623345033304596e+10 5.338900000000000000e+05
4.324900711072319527e-03 3.632750108984148407e+10 5.346180000000000000e+05
4.345819868260085254e-03 3.609008028103200531e+10 5.405880000000000000e+05
4.366741355105016945e-03 3.570582204291609955e+10 5.460140000000000000e+05
4.387687576206064123e-03 3.540734092123841095e+10 5.516580000000000000e+05
4.408641252392609886e-03 3.509178694607537842e+10 5.572260000000000000e+05
4.429571596276063450e-03 3.487757604925271606e+10 5.608360000000000000e+05
4.450498500189372340e-03 3.448183148109333038e+10 5.678360000000000000e+05
4.471485341863776740e-03 3.421652125098772049e+10 5.749780000000000000e+05
4.492441410558204416e-03 3.397865705972195816e+10 5.763060000000000000e+05
4.513343365306714088e-03 3.362536923168099213e+10 5.831660000000000000e+05
4.534281153104992475e-03 3.329085859404687500e+10 5.893300000000000000e+05
4.555228142645097698e-03 3.307703861197280884e+10 5.938900000000000000e+05
4.576187639323749112e-03 3.271926562339784622e+10 6.016200000000000000e+05
4.597128030531173748e-03 3.258170953942377472e+10 6.033700000000000000e+05
4.618035650780973750e-03 3.224043730022938919e+10 6.110180000000000000e+05
4.638999328291089179e-03 3.195992653313686371e+10 6.175840000000000000e+05
4.659954510042933241e-03 3.170487310550300980e+10 6.215220000000000000e+05
4.680898882661307069e-03 3.149551797287604904e+10 6.287140000000000000e+05
4.701854800139268313e-03 3.114943426050682449e+10 6.324560000000000000e+05
4.722798299773690520e-03 3.093740185133493042e+10 6.403260000000000000e+05
4.743740579222889032e-03 3.058726412563838577e+10 6.429160000000000000e+05
4.764671430826451608e-03 3.033007282718267059e+10 6.514900000000000000e+05
4.785630000033127933e-03 3.004167089091873550e+10 6.558780000000000000e+05
4.806598069599005846e-03 2.986914998753636551e+10 6.632740000000000000e+05
4.827520819925074091e-03 2.969702779105473328e+10 6.654180000000000000e+05
4.848450178391465470e-03 2.946126071477075195e+10 6.743220000000000000e+05
4.869408503203899105e-03 2.909426234557785416e+10 6.796140000000000000e+05
4.890380914734916880e-03 2.894871350492402649e+10 6.862820000000000000e+05
4.911321585953588344e-03 2.866363842935149002e+10 6.897760000000000000e+05
4.932241071478910867e-03 2.847493978757036209e+10 6.968880000000000000e+05
4.953190501765598365e-03 2.821664543362472916e+10 7.027380000000000000e+05
4.974121761082719168e-03 2.800828055349169159e+10 7.083380000000000000e+05
4.995019003930593546e-03 2.778214154639494705e+10 7.120920000000000000e+05
5.015957276489464711e-03 2.754419867749956894e+10 7.230740000000000000e+05
5.036924478070266449e-03 2.725758671274881744e+10 7.260280000000000000e+05
5.057877000379992598e-03 2.721016447506267548e+10 7.339940000000000000e+05
5.078837573861229478e-03 2.693179020989402771e+10 7.393740000000000000e+05
5.099803304237073877e-03 2.674759879163279724e+10 7.460900000000000000e+05
5.120772839316486101e-03 2.651927410496830368e+10 7.520180000000000000e+05
5.141715166207226628e-03 2.627863858528165436e+10 7.564860000000000000e+05
5.162623510308616409e-03 2.609841874723118210e+10 7.616660000000000000e+05
5.183578866044248785e-03 2.588742840768964767e+10 7.728580000000000000e+05
5.204526277597153715e-03 2.564627863403897095e+10 7.728260000000000000e+05
5.225432892487220753e-03 2.546304852039014435e+10 7.826460000000000000e+05
5.246381252225634090e-03 2.528879322660458755e+10 7.885780000000000000e+05
5.267351408156492956e-03 2.512899059923128891e+10 7.964900000000000000e+05
5.288292804304761674e-03 2.491786494999859619e+10 7.996520000000000000e+05
5.309203013744335717e-03 2.470948112804427719e+10 8.060180000000000000e+05
5.330163024375439776e-03 2.453412772821365356e+10 8.170740000000000000e+05
5.351148492684165182e-03 2.434645855387123871e+10 8.200040000000000000e+05
5.372069804439618367e-03 2.413717248862214661e+10 8.256460000000000000e+05
5.392998247667225679e-03 2.407074204005144882e+10 8.331220000000000000e+05
5.413951736963958788e-03 2.384270367920657349e+10 8.400500000000000000e+05
5.434890416730552357e-03 2.373690625743198013e+10 8.458920000000000000e+05
5.455836937598190425e-03 2.348723148743099594e+10 8.528680000000000000e+05
5.476773563924624763e-03 2.330133469728381729e+10 8.591060000000000000e+05
5.497703248326882113e-03 2.312624555687392426e+10 8.643500000000000000e+05
5.518652061045208577e-03 2.296499269552078629e+10 8.746660000000000000e+05
5.539607922118034052e-03 2.284360648165993500e+10 8.779860000000000000e+05
5.560574844575168034e-03 2.261635200501563644e+10 8.886260000000000000e+05
5.581519275973697083e-03 2.251856047712120438e+10 8.899740000000000000e+05
5.602425265285189936e-03 2.225872180884109879e+10 8.980880000000000000e+05
5.623383351546370167e-03 2.217395714524623108e+10 9.085540000000000000e+05
5.644373191424221364e-03 2.190095465472155762e+10 9.140540000000000000e+05
5.665288316907858557e-03 2.185664533816414261e+10 9.152280000000000000e+05
5.686221591163983201e-03 2.162287373591788864e+10 9.298260000000000000e+05
5.707184821479444926e-03 2.146154867426847076e+10 9.311460000000000000e+05
5.728134188723717386e-03 2.138337036861226654e+10 9.426360000000000000e+05
5.749088571545068506e-03 2.116674480491441727e+10 9.451140000000000000e+05
5.770005745514510294e-03 2.104534405674948502e+10 9.527320000000000000e+05
5.790959226569722222e-03 2.084686812425015259e+10 9.631820000000000000e+05
5.811894835529232348e-03 2.071447990001138687e+10 9.639540000000000000e+05
5.832824970741895196e-03 2.057599305214050293e+10 9.774260000000000000e+05
5.853784985935771290e-03 2.043188598076677704e+10 9.803900000000000000e+05
5.874720961160064675e-03 2.031681759600419617e+10 9.888660000000000000e+05
5.895662134299190990e-03 2.015375077926208878e+10 9.958500000000000000e+05
5.916600629045295177e-03 2.002241494859607315e+10 1.001722000000000000e+06
5.937555451052196204e-03 1.984641056896487808e+10 1.012572000000000000e+06
5.958502282595038585e-03 1.975795382110112000e+10 1.014340000000000000e+06
5.979450310435244220e-03 1.962337849058158112e+10 1.027810000000000000e+06
6.000386289893909139e-03 1.947187559388495255e+10 1.027342000000000000e+06
6.021316521619196269e-03 1.931751704172867203e+10 1.040824000000000000e+06
6.042248222996981187e-03 1.918559132725302505e+10 1.043012000000000000e+06
6.063191808203589016e-03 1.910611156239697647e+10 1.055506000000000000e+06
6.084156014741207673e-03 1.893213101480408096e+10 1.060694000000000000e+06
6.105098031896988298e-03 1.873323849183725739e+10 1.067122000000000000e+06
6.126045096320165487e-03 1.867208357708051682e+10 1.075762000000000000e+06
6.147012740620710035e-03 1.856134412746816635e+10 1.084606000000000000e+06
6.167959436111305691e-03 1.839152939250481415e+10 1.088162000000000000e+06
6.188894491932587019e-03 1.824592136455375290e+10 1.097898000000000000e+06
6.209841327112627582e-03 1.816912586833719254e+10 1.104138000000000000e+06
6.230780779989405528e-03 1.799011694199392319e+10 1.112582000000000000e+06
6.251728852262752358e-03 1.793060655407242584e+10 1.120042000000000000e+06
6.272672237590436878e-03 1.780361880766244888e+10 1.126258000000000000e+06
6.293606531353737252e-03 1.769932050185838699e+10 1.134620000000000000e+06
6.314525842076099474e-03 1.754238014370862961e+10 1.139818000000000000e+06
6.335480427082902134e-03 1.742511526895016479e+10 1.153700000000000000e+06
6.356446024588109298e-03 1.729154323492765045e+10 1.155926000000000000e+06
6.377367140193187893e-03 1.721122897538006973e+10 1.163874000000000000e+06
6.398313565908670709e-03 1.707050124689806938e+10 1.174882000000000000e+06
6.419260121280221526e-03 1.696347641841588593e+10 1.178282000000000000e+06
6.440218587345369547e-03 1.686556306095297241e+10 1.192332000000000000e+06
6.461158775814396064e-03 1.674779977349433899e+10 1.191242000000000000e+06
6.482075493038591193e-03 1.665290252729557610e+10 1.205140000000000000e+06
6.503021599461181537e-03 1.657887136817358971e+10 1.210806000000000000e+06
6.523983342755540656e-03 1.643724485346457672e+10 1.221506000000000000e+06
6.544934890755176732e-03 1.632461430003053665e+10 1.226362000000000000e+06
6.565871171090307754e-03 1.620996052603174782e+10 1.234482000000000000e+06
6.586833468300840218e-03 1.610697994196669769e+10 1.245910000000000000e+06
6.607797806640947937e-03 1.600791865464253044e+10 1.250240000000000000e+06
6.628727319026261194e-03 1.588582119870565796e+10 1.257554000000000000e+06
6.649661195173045547e-03 1.581820762999830055e+10 1.267192000000000000e+06
6.670604474610463894e-03 1.572892855214375114e+10 1.273586000000000000e+06
6.691533941440819776e-03 1.559460734037395477e+10 1.282714000000000000e+06
6.712465110591878462e-03 1.550310396528297234e+10 1.289062000000000000e+06
6.733402927879838379e-03 1.540143199128198433e+10 1.299768000000000000e+06
6.754377693055123484e-03 1.529082308607010651e+10 1.309778000000000000e+06
6.775342499181890438e-03 1.520123325728238106e+10 1.314924000000000000e+06
6.796254657177060871e-03 1.513917744411170959e+10 1.319702000000000000e+06
6.817187776562244790e-03 1.500112571330494308e+10 1.333208000000000000e+06
6.838151923094192876e-03 1.493657082762931061e+10 1.340212000000000000e+06
6.859103286713035333e-03 1.483802451876816750e+10 1.348454000000000000e+06
6.880052783898826275e-03 1.474661860243022156e+10 1.356042000000000000e+06
6.901007347581009782e-03 1.460165051995723343e+10 1.365818000000000000e+06
6.921969877109315772e-03 1.456818523262688255e+10 1.373154000000000000e+06
6.942887545347252616e-03 1.444391959568884277e+10 1.377196000000000000e+06
6.963785823996730337e-03 1.434671875604938889e+10 1.387268000000000000e+06
6.984754600336452561e-03 1.427004878182150078e+10 1.402330000000000000e+06
7.005695100548091706e-03 1.418822320131889343e+10 1.401214000000000000e+06
7.026622940060659253e-03 1.407843096062973022e+10 1.416810000000000000e+06
7.047573703016726983e-03 1.401296211377573586e+10 1.422122000000000000e+06
7.068510180821678882e-03 1.392619278905058479e+10 1.430634000000000000e+06
7.089459553652813044e-03 1.382939618063761520e+10 1.441006000000000000e+06
7.110410504685391736e-03 1.378610480970428848e+10 1.448832000000000000e+06
7.131375137393774002e-03 1.368905335017548370e+10 1.458732000000000000e+06
7.152328933453326251e-03 1.358775561813629150e+10 1.465678000000000000e+06
7.173251613590963041e-03 1.349447216185071564e+10 1.470370000000000000e+06
7.194203212912279530e-03 1.339908009989230347e+10 1.487866000000000000e+06
7.215157841321821926e-03 1.331131290667392921e+10 1.487870000000000000e+06
7.236108141261602018e-03 1.322982996768144035e+10 1.503962000000000000e+06
7.257048666689974378e-03 1.315676773806957054e+10 1.504850000000000000e+06
7.277960787602941184e-03 1.308501509916244507e+10 1.516066000000000000e+06
7.298904195271708681e-03 1.300856199216861534e+10 1.528222000000000000e+06
7.319871598940557236e-03 1.291549516853207207e+10 1.536026000000000000e+06
7.340813612849602515e-03 1.286749626390309525e+10 1.542330000000000000e+06
7.361742379966780374e-03 1.278604133279217339e+10 1.551846000000000000e+06
7.382683337923755078e-03 1.269387876240511322e+10 1.561504000000000000e+06
7.403644198201568029e-03 1.261451379894256592e+10 1.573074000000000000e+06
7.424582991544486157e-03 1.255052646693176270e+10 1.575546000000000000e+06
7.445529605290209657e-03 1.246635609639859200e+10 1.592096000000000000e+06
7.466481542023457874e-03 1.241919964440287971e+10 1.594450000000000000e+06
7.487417858727503719e-03 1.230992666075077438e+10 1.607282000000000000e+06
7.508358534842077443e-03 1.223638712289455795e+10 1.613718000000000000e+06
7.529281078305200513e-03 1.217490298092164803e+10 1.621618000000000000e+06
7.550232514422407053e-03 1.211457044467755318e+10 1.636714000000000000e+06
7.571170630036476445e-03 1.204081220170194054e+10 1.638078000000000000e+06
7.592116318725157693e-03 1.195933363261152458e+10 1.655090000000000000e+06
7.613077203628958525e-03 1.193021816454996681e+10 1.659706000000000000e+06
7.634011257516152942e-03 1.182130732759701347e+10 1.668002000000000000e+06
7.654973111713371005e-03 1.177479229509926033e+10 1.683910000000000000e+06
7.675911437617626704e-03 1.167836221959701347e+10 1.681432000000000000e+06
7.696841098506215610e-03 1.161418284730645752e+10 1.701434000000000000e+06
7.717798893418999912e-03 1.154839651872442818e+10 1.704454000000000000e+06
7.738762486991400055e-03 1.145709418334918404e+10 1.720330000000000000e+06
7.759712252735236591e-03 1.140680524567344666e+10 1.722076000000000000e+06
7.780626973772562273e-03 1.136172448291925812e+10 1.731610000000000000e+06
7.801564151514805458e-03 1.127460528284344292e+10 1.745606000000000000e+06
7.822528896693948727e-03 1.119469078521402359e+10 1.754440000000000000e+06
7.843486861125832307e-03 1.113122615729825020e+10 1.763148000000000000e+06
7.864428165107073543e-03 1.106937765878513908e+10 1.771182000000000000e+06
7.885344063475309070e-03 1.099583885288504601e+10 1.776490000000000000e+06
7.906293793786002208e-03 1.095235460696733856e+10 1.797170000000000000e+06
7.927252264594475753e-03 1.086816416068495369e+10 1.796022000000000000e+06
7.948181191653037533e-03 1.081634372178432655e+10 1.811602000000000000e+06
7.969123416133441773e-03 1.077746243838088608e+10 1.817522000000000000e+06
7.990049045727176322e-03 1.068274989019440651e+10 1.826640000000000000e+06
8.010985758534407142e-03 1.062190918238023949e+10 1.840112000000000000e+06
8.031951089543826194e-03 1.058724153360178757e+10 1.850280000000000000e+06
8.052912656648330073e-03 1.051047925549293137e+10 1.858716000000000000e+06
8.073879462498162116e-03 1.042930619338151550e+10 1.870668000000000000e+06
8.094817154052342742e-03 1.038582200641816139e+10 1.872580000000000000e+06
8.115739037859221253e-03 1.031688721716968346e+10 1.888154000000000000e+06
8.136680281278783552e-03 1.027475325341673660e+10 1.894416000000000000e+06
8.157642102452917349e-03 1.021533619832896614e+10 1.911736000000000000e+06
8.178579019049374982e-03 1.013821525848105049e+10 1.910298000000000000e+06
8.199510340422665883e-03 1.009902000639263344e+10 1.929098000000000000e+06
8.220466981858976993e-03 1.003948350089552116e+10 1.935862000000000000e+06
8.241409546366222985e-03 1.000015657644292068e+10 1.944570000000000000e+06
8.262329895134375157e-03 9.909980773477752686e+09 1.953184000000000000e+06
8.283274531472860705e-03 9.844168094453376770e+09 1.968266000000000000e+06
8.304243732694425312e-03 9.820532552237894058e+09 1.977462000000000000e+06
8.325172084878356554e-03 9.756724533748756409e+09 1.980932000000000000e+06
8.346110977185398905e-03 9.703876930897703171e+09 1.998474000000000000e+06
8.367063873327407891e-03 9.634658246368679047e+09 2.005446000000000000e+06
8.388004618475481886e-03 9.581500946720640182e+09 2.014266000000000000e+06
8.408965504008502484e-03 9.524166603774974823e+09 2.030650000000000000e+06
8.429908993488458013e-03 9.484819154867427826e+09 2.030774000000000000e+06
8.450841337145178697e-03 9.420824120172739029e+09 2.048722000000000000e+06
8.471798743828248129e-03 9.346135025499990463e+09 2.056106000000000000e+06
8.492749771888364815e-03 9.317393315617136002e+09 2.067218000000000000e+06
8.513671635141271607e-03 9.265075901418123245e+09 2.071678000000000000e+06
8.534592157513546176e-03 9.214689070288516998e+09 2.086386000000000000e+06
8.555562581404392575e-03 9.179380343177221298e+09 2.102840000000000000e+06
8.576520646810222373e-03 9.124615316832393646e+09 2.104270000000000000e+06
8.597448065562549036e-03 9.067186597901565552e+09 2.116892000000000000e+06
8.618403235739703974e-03 9.019078298121324539e+09 2.131000000000000000e+06
8.639352720922553741e-03 8.948713943370172501e+09 2.135924000000000000e+06
8.660285069356361137e-03 8.913123364872529984e+09 2.148804000000000000e+06
8.681205223995314482e-03 8.854191617601415634e+09 2.154268000000000000e+06
8.702158425108942608e-03 8.810260299087802887e+09 2.175194000000000000e+06
8.723117173314601236e-03 8.746323951775138855e+09 2.177926000000000000e+06
8.744034676417435439e-03 8.726441884621936798e+09 2.186538000000000000e+06
8.764979598380113687e-03 8.662068717269191742e+09 2.205194000000000000e+06
8.785932290615883558e-03 8.622785124966360092e+09 2.208550000000000000e+06
8.806871497174174196e-03 8.570009231689112663e+09 2.223482000000000000e+06
8.827818353898213982e-03 8.529744648021203995e+09 2.232786000000000000e+06
8.848780708483971677e-03 8.473720808024208069e+09 2.245720000000000000e+06
8.869734148017290043e-03 8.452204776938044548e+09 2.253774000000000000e+06
8.890665565399122339e-03 8.375321582131166458e+09 2.261258000000000000e+06
8.911620780301367228e-03 8.345602157876000404e+09 2.281412000000000000e+06
8.932585956974154265e-03 8.300293865359127045e+09 2.284316000000000000e+06
8.953533078438893900e-03 8.254034775430113792e+09 2.297788000000000000e+06
8.974470445141555577e-03 8.212753649882257462e+09 2.305698000000000000e+06
8.995400632408384958e-03 8.177627211965365410e+09 2.316138000000000000e+06
9.016319280554532800e-03 8.141390776696459770e+09 2.325814000000000000e+06
9.037253920177783229e-03 8.093134470001776695e+09 2.340042000000000000e+06
9.058201535340669464e-03 8.033039016374993324e+09 2.351186000000000000e+06
9.079154238139635485e-03 7.996149949196496010e+09 2.363414000000000000e+06
9.100131819131006966e-03 7.965522738369938850e+09 2.377410000000000000e+06
9.121064865455797213e-03 7.919634871391942024e+09 2.376306000000000000e+06
9.141981233745502533e-03 7.871702236276528358e+09 2.394608000000000000e+06
9.162941393257252251e-03 7.833410739409749985e+09 2.408926000000000000e+06
9.183881219560940251e-03 7.789268897728319168e+09 2.411756000000000000e+06
9.204824342633543405e-03 7.736449077631659508e+09 2.431120000000000000e+06
9.225777682404880109e-03 7.708210548121439934e+09 2.437312000000000000e+06
9.246722633724927323e-03 7.653561066686639786e+09 2.450328000000000000e+06
9.267663983415212747e-03 7.620388241204429626e+09 2.459196000000000000e+06
9.288593044584242051e-03 7.585496366035943031e+09 2.469910000000000000e+06
9.309529692482654967e-03 7.543179990959052086e+09 2.481922000000000000e+06
9.330483363834749314e-03 7.505939564223598480e+09 2.498194000000000000e+06
9.351439740104288204e-03 7.465947742299397469e+09 2.503298000000000000e+06
9.372388599119116023e-03 7.427351989308915138e+09 2.520374000000000000e+06
9.393301968195480120e-03 7.386113981032425880e+09 2.516170000000000000e+06
9.414235834829864924e-03 7.334057078672650337e+09 2.547408000000000000e+06
9.435212106359593121e-03 7.311132513683925629e+09 2.550832000000000000e+06
9.456163628275575730e-03 7.266166930011316299e+09 2.562104000000000000e+06
9.477103894004685128e-03 7.235691874451516151e+09 2.572700000000000000e+06
9.498052928690409180e-03 7.207373534437766075e+09 2.584858000000000000e+06
9.518996337879167408e-03 7.162284289641239166e+09 2.595756000000000000e+06
9.539931079276701281e-03 7.133586667105207443e+09 2.605620000000000000e+06
9.560880919817041010e-03 7.094588790865366936e+09 2.620648000000000000e+06
9.581832173066004432e-03 7.046166249522150040e+09 2.630984000000000000e+06
9.602776172309554145e-03 7.018542466625621796e+09 2.640290000000000000e+06
9.623715027609339862e-03 6.980385004334124565e+09 2.654362000000000000e+06
9.644649894599970422e-03 6.940389349293998718e+09 2.660726000000000000e+06
9.665582071407231510e-03 6.925249286265541077e+09 2.677114000000000000e+06
9.686517449193469270e-03 6.880085517943507195e+09 2.685762000000000000e+06
9.707473117854586650e-03 6.842393663819311142e+09 2.704274000000000000e+06
9.728424492467507151e-03 6.823626441098168373e+09 2.709196000000000000e+06
9.749369801231063185e-03 6.783617130106083870e+09 2.724820000000000000e+06
9.770324780499195158e-03 6.748994971591409683e+09 2.736208000000000000e+06
9.791264363435981874e-03 6.702639449373821259e+09 2.743768000000000000e+06
9.812205066557784516e-03 6.684668570081547737e+09 2.759730000000000000e+06
9.833160931073609348e-03 6.652088041697466850e+09 2.771952000000000000e+06
9.854097235485376888e-03 6.617378986691573143e+09 2.777268000000000000e+06
9.875037999319194806e-03 6.585279353200922012e+09 2.797782000000000000e+06
9.895989367209959489e-03 6.558685234907738686e+09 2.803642000000000000e+06
9.916927245804646462e-03 6.522599828117486000e+09 2.816794000000000000e+06
9.937869380779206993e-03 6.488159936456563950e+09 2.830062000000000000e+06
9.958826481688226248e-03 6.466598223117133141e+09 2.843378000000000000e+06
9.979774868813932540e-03 6.430560981652162552e+09 2.853154000000000000e+06
1.000069821143680093e-02 6.411822270477075577e+09 2.859412000000000000e+06
1.002162272426048405e-02 6.369766070290725708e+09 2.876980000000000000e+06
1.004256722830361090e-02 6.338906712399046898e+09 2.890392000000000000e+06
1.006351224970695318e-02 6.315646416028999329e+09 2.899476000000000000e+06
1.008446063218807962e-02 6.277979556607777596e+09 2.917726000000000000e+06
1.010541581371072160e-02 6.250186274313632965e+09 2.922866000000000000e+06
1.012636580884461457e-02 6.217444908473000526e+09 2.942762000000000000e+06
1.014732102857123473e-02 6.197765668291007042e+09 2.948244000000000000e+06
1.016825766198237169e-02 6.168062710087451935e+09 2.960844000000000000e+06
1.018918905674288770e-02 6.141848581147142410e+09 2.972272000000000000e+06
1.021013947687613235e-02 6.112174264217613220e+09 2.989284000000000000e+06
1.023108361089690790e-02 6.089258633510946274e+09 2.997166000000000000e+06
1.025204062939684586e-02 6.060798568120793343e+09 3.015898000000000000e+06
1.027298221161072195e-02 6.031992643632815361e+09 3.017474000000000000e+06
1.029391941887124878e-02 6.001010437037503242e+09 3.040014000000000000e+06
1.031486555176150399e-02 5.972272418388096809e+09 3.043856000000000000e+06
1.033581475106024050e-02 5.958404963983578682e+09 3.066500000000000000e+06
1.035676447297369587e-02 5.929983033579973221e+09 3.068136000000000000e+06
1.037770158394408018e-02 5.903879846673878670e+09 3.088024000000000000e+06
1.039863640906126679e-02 5.873609590475973129e+09 3.092690000000000000e+06
1.041958100057027194e-02 5.843912641708222389e+09 3.115154000000000000e+06
1.044053342563799371e-02 5.830901335764874458e+09 3.120446000000000000e+06
1.046146653361525874e-02 5.805339050486739159e+09 3.134098000000000000e+06
1.048241525249252702e-02 5.777580216381732941e+09 3.150914000000000000e+06
1.050334874905482253e-02 5.753949143578863144e+09 3.154270000000000000e+06
1.052428159857683905e-02 5.731864237048123360e+09 3.175378000000000000e+06
1.054523485558974544e-02 5.713683140688831329e+09 3.186922000000000000e+06
1.056617700374397686e-02 5.680705082902236938e+09 3.195530000000000000e+06
1.058712983125213031e-02 5.662555505780001640e+09 3.217292000000000000e+06
1.060807579670321535e-02 5.644030570652195930e+09 3.218148000000000000e+06
1.062901467447870466e-02 5.617441796425189018e+09 3.240616000000000000e+06
1.064997100637046258e-02 5.591335911486901283e+09 3.249184000000000000e+06
1.067092231155890997e-02 5.570111274504742622e+09 3.263600000000000000e+06
1.069184232595445962e-02 5.555101632177475929e+09 3.267524000000000000e+06
1.071278652053386446e-02 5.525700189596343994e+09 3.293642000000000000e+06
