# in Mpc/h Units 
# D1 = 0.956073 
# k P N P(z=0)
0.020944 26293.5 6 28765.1
0.0296192 22042.1 12 24114
0.036276 17260.1 8 18882.6
0.0418879 14843.1 6 16238.4
0.0468321 12594.6 24 13778.5
0.051302 12736.3 24 13933.5
0.0592384 12024.1 12 13154.4
0.0628319 13259.1 30 14505.5
0.0662306 12515 24 13691.4
0.0694632 10784.1 24 11797.8
0.072552 9278.42 8 10150.6
0.0755145 10501.7 24 11488.9
0.0783651 7302.99 48 7989.48
0.0837758 6605.82 6 7226.77
0.0863541 7518.31 48 8225.04
0.0888577 5766.33 36 6308.37
0.0912926 7450.06 24 8150.38
0.0936642 6280.15 24 6870.49
0.0959772 6931.18 48 7582.71
0.0982358 5227.94 24 5719.38
0.102604 3624.66 24 3965.39
0.10472 4997.6 30 5467.38
0.106794 5125.61 72 5607.42
0.108828 5258.23 32 5752.51
0.112787 4491.87 72 4914.11
0.114715 5193.97 48 5682.21
0.118477 1857.91 12 2032.56
0.120314 5039.4 48 5513.11
0.122123 4268.83 48 4670.11
0.123906 5982.65 48 6545.02
0.125664 4850.58 30 5306.54
0.127397 3819.24 24 4178.25
0.129107 3713.18 72 4062.22
0.132461 5040.1 24 5513.88
0.134107 3537.9 96 3870.46
0.135732 3514.33 48 3844.68
0.137339 2825.15 24 3090.72
0.138926 4189.56 24 4583.38
0.140496 2604.37 72 2849.18
0.142049 2894.1 48 3166.14
0.145104 5947.03 8 6506.06
0.146608 4036.87 54 4416.34
0.148096 3340.18 84 3654.16
0.14957 4062.91 48 4444.83
0.151029 2462.74 24 2694.24
0.152474 2228.01 72 2437.45
0.153906 4004.23 96 4380.64
0.15673 3260.87 48 3567.39
0.158123 2667.23 48 2917.95
0.159504 3520.09 24 3850.98
0.160874 2455.3 72 2686.1
0.163577 2958.91 72 3237.05
0.164913 3053.85 96 3340.92
0.167552 1007.43 6 1102.12
0.168856 3186.46 96 3485.99
0.170149 2795.23 96 3057.99
0.171434 2626.06 24 2872.92
0.172708 2735.82 48 2992.99
0.173974 3070.06 96 3358.65
0.17523 2882.96 48 3153.97
0.177715 3348.76 36 3663.55
0.178945 3253.36 48 3559.18
0.180167 2651.24 120 2900.46
0.18138 2799.97 56 3063.17
0.182585 2223.02 24 2431.98
0.183782 3011.98 96 3295.11
0.184972 1719.97 48 1881.65
0.187328 2174.22 24 2378.6
0.188496 1815.8 102 1986.49
0.190347 2555.36 120 2795.56
0.191954 2562.97 48 2803.9
0.193094 2599.32 48 2843.66
0.194226 2488.89 120 2722.85
0.196472 2058.12 24 2251.59
0.197585 2415.47 144 2642.53
0.199006 2410.7 168 2637.3
0.201976 1977.04 48 2162.89
0.203059 2446.73 96 2676.73
0.205208 1682.65 24 1840.82
0.206274 1753.63 48 1918.47
0.207335 1767.32 108 1933.45
0.20839 3059.7 72 3347.31
0.210326 2139.15 198 2340.23
0.211524 2303.35 48 2519.87
0.213587 2011.12 72 2200.16
0.214612 1552.93 96 1698.91
0.215631 1819.99 72 1991.08
0.216957 2282.72 104 2497.29
0.218661 1850.63 72 2024.59
0.219662 1816.54 144 1987.3
0.223129 1917.58 192 2097.84
0.224599 2033.94 48 2225.13
0.22618 1812.7 192 1983.09
0.22751 2044.76 72 2236.97
0.229429 1462.27 48 1599.72
0.230383 2708.62 78 2963.24
0.231604 2100.73 168 2298.2
0.23416 2194.56 144 2400.85
0.235095 1808.77 144 1978.79
0.236954 1661.66 12 1817.86
0.238108 1968.03 192 2153.03
0.239975 2006.57 168 2195.19
0.241537 1415.43 48 1548.48
0.242444 1658.54 168 1814.45
0.244844 1620.21 144 1772.51
0.246417 1461.01 168 1598.34
0.248401 1755.3 144 1920.3
0.249576 1592.26 48 1741.94
0.251327 2187.87 30 2393.53
0.252777 1556.74 288 1703.08
0.254191 1142.16 80 1249.53
0.25601 1603.47 288 1754.2
0.258214 1227.67 72 1343.07
0.2594 1698.25 240 1857.88
0.26075 1405.68 96 1537.81
0.262904 1604.62 168 1755.45
0.265657 1516.6 216 1659.16
0.266722 1675.45 132 1832.94
0.268622 1622.36 192 1774.87
0.269844 1580.56 120 1729.13
0.271964 1515.63 126 1658.1
0.273543 1422.54 288 1556.26
0.275842 1377.69 312 1507.19
0.277853 1042.84 24 1140.86
0.279641 1482.83 264 1622.21
0.28148 1699.46 192 1859.22
0.282936 1201.12 192 1314.02
0.285198 1526.94 336 1670.47
0.286404 1682.82 48 1841
0.288084 1144.44 240 1252.02
0.291553 1233.16 296 1349.08
0.292736 1390.02 150 1520.69
0.294335 1575.6 240 1723.71
0.296659 1006.36 228 1100.96
0.298323 1325.85 216 1450.48
0.300394 1182.8 336 1293.99
0.302928 1384.68 360 1514.84
0.304588 1300.24 144 1422.47
0.305974 1386.06 168 1516.35
0.308578 1259.16 312 1377.52
0.310884 1299.83 288 1422.02
0.312408 1155.83 192 1264.47
0.314799 1150.45 366 1258.59
0.317265 1267.68 408 1386.84
0.319597 1126.63 168 1232.54
0.320771 1361.75 336 1489.75
0.3227 907.032 240 992.294
0.32574 1181.35 380 1292.4
0.32795 1137.22 384 1244.12
0.330224 1112.23 240 1216.79
0.331726 1236.8 360 1353.06
0.333831 1024.84 198 1121.18
0.336246 1213.41 384 1327.47
0.338319 1215.06 384 1329.28
0.341157 1258.67 432 1376.99
0.343593 1202.24 528 1315.25
0.346262 1217.87 288 1332.36
0.347842 1224.89 288 1340.03
0.350326 1014.62 456 1110
0.352828 1009.94 360 1104.87
0.354442 1087.89 180 1190.15
0.356776 1169.81 486 1279.77
0.359142 1177.68 504 1288.38
0.361681 1101.52 512 1205.07
0.363857 979.112 264 1071.15
0.366441 975.864 600 1067.6
0.368657 1089.88 288 1192.33
0.371486 994.635 672 1088.13
0.374587 1180.55 408 1291.52
0.376839 1009.58 462 1104.48
0.379079 1055.68 600 1154.92
0.38178 1080.08 504 1181.61
0.384712 990.836 324 1083.98
0.386663 1041.55 744 1139.45
0.389313 1090.65 456 1193.17
0.39167 1015.44 432 1110.89
0.394428 928.428 720 1015.7
0.397811 987.84 534 1080.7
0.400019 859.785 536 940.606
0.402781 1047.92 624 1146.43
0.405015 1025.14 600 1121.5
0.40766 1002.04 696 1096.24
0.410865 956.5 456 1046.41
0.413244 958.677 732 1048.79
0.416084 958.738 600 1048.86
0.418986 877.545 702 960.035
0.421544 889.503 672 973.118
0.424534 974.497 768 1066.1
0.42751 945.359 768 1034.22
0.430034 820.771 408 897.925
0.432751 878.644 1080 961.238
0.436344 986.258 632 1078.97
0.438896 893.174 750 977.134
0.44171 841.101 696 920.166
0.444585 836.985 876 915.662
0.447784 887.411 864 970.829
0.45034 786.806 768 860.767
0.453413 864.781 888 946.072
0.456575 821.684 816 898.924
0.459787 842.73 654 921.947
0.462622 799.919 1296 875.112
0.465862 890.03 816 973.694
0.468802 806.894 816 882.744
0.471915 858.173 1088 938.843
0.475472 797.691 1020 872.675
0.478779 816.288 1032 893.02
0.481919 773.159 942 845.837
0.484939 826.562 1032 904.26
0.488502 796.836 1128 871.74
0.491034 781.353 888 854.801
0.494348 784.963 1176 858.751
0.497688 767.204 960 839.322
0.500527 797.047 1110 871.97
0.504331 719.381 1116 787.004
0.507364 757.327 1352 828.517
0.510774 758.813 1200 830.143
0.514275 731.172 1224 799.903
0.517978 716.638 1320 784.003
0.521294 710.479 1128 777.265
0.524822 738.495 1518 807.914
0.527973 737.798 1080 807.152
0.531698 730.247 1524 798.891
0.535226 739.425 1416 808.932
0.539103 687.999 1704 752.672
0.543 737.25 1088 806.553
0.546011 717.341 1446 784.772
0.549827 651.467 1800 712.706
0.55369 688.012 1512 752.686
0.557166 711.59 1392 778.48
0.560475 652.83 1392 714.196
0.564609 682.09 1962 746.207
0.56859 677.674 1776 741.377
0.572441 652.934 1680 714.31
0.5763 706.718 1776 773.151
0.580121 687.673 1544 752.315
0.583625 613.928 1896 671.638
0.587525 681.285 1662 745.327
0.591428 665.826 1908 728.415
0.595301 645.036 2184 705.671
0.599624 644.836 1848 705.451
0.603294 667.244 1848 729.965
0.60771 656.892 2238 718.641
0.611568 593.217 2088 648.98
0.615779 657.377 2192 719.171
0.619303 629.931 1536 689.145
0.623194 595.295 2412 651.253
0.627636 579.719 2262 634.213
0.631826 613.39 2448 671.049
0.635971 570.514 2040 624.143
0.64039 598.331 2976 654.574
0.644956 618.816 2184 676.986
0.649302 618.281 2550 676.4
0.653461 596.49 2396 652.561
0.657644 602.393 2760 659.019
0.662026 585.427 2424 640.458
0.666685 556.565 2832 608.883
0.670916 571.875 2574 625.632
0.675462 563.235 3024 616.18
0.679703 560.373 2484 613.049
0.684292 551.203 3168 603.016
0.688927 557.606 2894 610.021
0.693468 545.658 2856 596.951
0.698026 561.798 3384 614.608
0.702952 550.769 3240 602.541
0.707372 527.091 2856 576.638
0.712317 555.711 3474 607.948
0.716936 536.901 3432 587.371
0.721869 568.07 3552 621.47
0.726964 551.008 3560 602.804
0.73163 517.626 3270 566.283
0.736224 519.854 3552 568.721
0.74119 517.564 3780 566.215
0.746118 539.448 3960 590.157
0.751313 525.196 3696 574.565
0.756133 518.842 3726 567.614
0.761156 526.181 4376 575.643
0.766095 513.484 3648 561.752
0.771205 503.746 4332 551.099
0.776456 515.527 4254 563.987
0.781432 493.586 4296 539.984
0.786733 492.836 4320 539.164
0.791574 498.544 4368 545.408
0.797255 503.597 4826 550.936
0.802676 490.963 5016 537.115
0.808005 480.036 4608 525.16
0.813482 489.232 4824 535.221
0.818759 474.479 4950 519.081
0.824173 471.221 5232 515.517
0.829708 453.541 4980 496.175
0.834919 473.558 4838 518.073
0.840568 459.729 6024 502.944
0.846479 467.795 5520 511.769
0.851948 470.726 5400 514.974
0.857592 468.264 5538 512.282
0.863369 458.028 6456 501.084
0.869182 447.852 5504 489.95
0.874831 461.958 6168 505.383
0.880682 460.072 5910 503.319
0.886294 447.939 6372 490.045
0.892352 454.025 6768 496.704
0.898399 449.601 6294 491.864
0.904229 439.628 6656 480.954
0.910231 431.409 7224 471.962
0.916513 440.458 6708 481.862
0.922651 440.18 7566 481.557
0.92895 432.751 7416 473.43
0.935092 420.824 6984 460.382
0.940995 415.154 7310 454.179
0.947406 417.326 8148 456.556
0.953652 418.954 7632 458.336
0.960017 411.404 8088 450.077
0.966595 403.946 8478 441.917
0.972908 413.576 8112 452.453
0.979222 409.443 8108 447.931
0.985855 402.557 9510 440.397
0.992666 394.789 8472 431.9
0.998881 396.992 8832 434.31
1.00551 400.269 8898 437.894
1.01216 392.45 10008 429.341
1.01908 387.148 9392 423.54
1.02599 378.673 10206 414.268
1.03271 380.947 9528 416.757
1.03948 385.337 10236 421.56
1.04641 369.25 10398 403.96
1.05346 378.057 10784 413.595
1.06036 378.982 10584 414.607
1.0676 370.054 11346 404.84
1.07471 365.821 11400 400.208
1.08175 374.373 11016 409.564
1.08895 367.166 11870 401.68
1.09637 368.741 12516 403.404
1.10369 354.59 11880 387.921
1.11092 361.458 11886 395.436
1.1181 359.429 13104 393.216
1.12573 348.138 12764 380.864
1.1332 354.359 13446 387.669
1.14081 344.975 13464 377.404
1.14829 340.796 13398 372.831
1.15605 345.229 14628 377.681
1.16374 347.478 14024 380.142
1.1717 334.731 15054 366.197
1.17935 335.092 14496 366.591
1.18713 332.45 15012 363.701
1.195 332.271 15422 363.505
1.20281 328.167 15624 359.015
1.21088 329.148 16146 360.089
1.21904 320.84 17064 351
1.22715 324.381 16152 354.873
1.23533 319.266 17510 349.278
1.24354 315.937 17172 345.636
1.25174 313.614 17880 343.094
1.26013 314.278 18030 343.821
1.26845 319.874 18680 349.943
1.27706 306.747 19170 335.582
1.28545 297.336 18720 325.286
1.29387 306.466 19536 335.274
1.3027 303.043 20954 331.53
1.31143 301.44 20328 329.776
1.3202 297.515 20718 325.482
1.32891 292.659 21348 320.169
1.33775 295.291 21534 323.049
1.34663 297.047 22256 324.969
1.35548 284.625 22104 311.38
1.3645 282.22 23178 308.749
1.37362 284.041 23880 310.741
1.38289 282.002 24230 308.511
1.39214 280.828 24468 307.226
1.40146 282.07 25230 308.585
1.41076 274.43 25328 300.227
1.42016 272.755 25818 298.395
1.42955 269.752 26616 295.109
1.43897 269.321 26376 294.638
1.44856 264.929 28034 289.832
1.45815 268.47 27816 293.706
1.46783 264.082 28398 288.906
1.47755 257.38 29652 281.574
1.48753 258.586 30134 282.894
1.4975 256.366 30792 280.465
1.50759 256.444 31218 280.551
1.51744 251.857 30912 275.532
1.52762 253.798 33158 277.655
1.53782 254.035 32772 277.914
1.54798 251.097 33150 274.7
1.55817 245.644 34256 268.735
1.56867 247.485 35562 270.749
1.579 243.6 34992 266.499
1.58955 243.052 37158 265.899
1.60018 235.244 36956 257.357
1.61084 239.86 37950 262.407
1.62148 233.319 38496 255.252
1.63242 233.245 40274 255.17
1.64322 231.07 39264 252.791
1.65411 229.205 41466 250.751
1.66512 229.904 41960 251.515
1.67627 224.287 42702 245.371
1.68736 224.936 43356 246.08
1.69863 220.095 44886 240.784
1.70994 219.328 45248 239.946
1.72135 218.402 46362 238.932
1.73279 216.187 46974 236.509
1.74428 211.963 48236 231.888
1.75588 212.827 48774 232.833
1.76756 210.103 50616 229.853
1.77941 207.939 51050 227.486
1.79124 206.237 52272 225.623
1.80325 202.701 53658 221.755
1.81507 203.482 52640 222.609
1.82722 200.154 57366 218.968
1.83948 198.906 55170 217.604
1.85166 198.192 58544 216.823
1.86408 194.618 58506 212.912
1.87633 195.916 58968 214.332
1.88886 191.757 62366 209.782
1.90144 189.71 61266 207.543
1.914 188.056 63960 205.733
1.92679 187.009 64730 204.588
1.93957 184.805 66360 202.177
1.95256 184.556 67778 201.904
1.96563 183.65 69558 200.914
1.97869 181.275 69660 198.315
1.99179 180.315 71390 197.265
2.00509 176.061 73974 192.611
2.01846 175.882 74196 192.415
2.03193 174.592 76622 191.004
2.04528 171.628 75516 187.762
2.05892 169.766 81510 185.725
2.07279 167.838 80138 183.615
2.0865 165.952 82368 181.552
2.10039 166.365 84098 182.004
2.11443 162.566 86286 177.848
2.12845 161.896 86700 177.115
2.14263 159.762 90014 174.78
2.15695 159.958 90930 174.994
2.17119 157.255 91694 172.037
2.18567 155.456 96228 170.069
2.20036 154.672 97014 169.211
2.21494 153.489 97370 167.917
2.22958 151.077 100656 165.279
2.24445 150.464 102530 164.608
2.25936 147.869 104454 161.769
2.27439 149.064 107196 163.076
2.28969 145.989 110414 159.712
2.30493 144.394 109578 157.967
2.32027 142.949 114974 156.386
2.33573 140.458 114396 153.661
2.35122 140.691 118190 153.916
2.3669 138.598 120498 151.626
2.38266 136.452 122718 149.279
2.39847 134.2 124604 146.815
2.41442 133.996 127950 146.592
2.43055 131.909 130826 144.308
2.44673 131.257 132510 143.595
2.4629 130.442 134180 142.704
2.47932 128.371 140214 140.437
2.4959 126.433 140018 138.318
2.51254 126.132 145650 137.989
2.52927 123.884 145350 135.529
2.54604 124.036 150188 135.696
2.56299 120.845 152214 132.204
2.58009 120.667 157226 132.01
2.5973 118.602 158118 129.751
2.61455 118.022 162338 129.116
2.63195 116.807 165378 127.787
2.64948 115.521 169256 126.38
2.66707 112.891 170682 123.503
2.68485 112.585 177566 123.169
2.70286 111.668 179610 122.165
2.72085 110.56 182690 120.953
2.73892 109.452 185694 119.74
2.75712 107.931 190346 118.077
2.77543 106.406 192852 116.408
2.79389 105.752 198806 115.692
2.81251 104.309 201378 114.114
2.83127 103.218 207446 112.921
2.85007 102.281 207258 111.896
2.86897 100.877 215762 110.36
2.88818 99.565 219702 108.924
2.90739 98.767 221522 108.051
2.92669 98.05 227754 107.267
2.94616 96.7193 231710 105.811
2.96573 95.662 235994 104.654
2.98548 94.7316 242346 103.637
3.00539 93.8201 246704 102.639
3.02539 92.4683 250410 101.16
3.04557 91.6909 258410 100.31
3.06592 90.6875 261414 99.2122
3.0863 89.6542 265874 98.0818
3.10684 88.8994 273450 97.2561
3.12756 87.5843 276974 95.8174
3.1484 86.5748 284402 94.713
3.16935 85.4096 287754 93.4383
3.19042 84.7408 295010 92.7066
3.21172 83.6996 302142 91.5674
3.2331 82.7122 304946 90.4873
3.25451 81.7273 311642 89.4098
3.27615 80.6907 319326 88.2757
3.2979 79.7082 323618 87.2008
3.31984 79.0572 333744 86.4887
3.34198 78.5166 337970 85.8972
3.3643 77.3727 348758 84.6458
3.38673 76.3499 350346 83.5269
3.40918 75.6392 358778 82.7494
3.43196 74.4547 370578 81.4535
3.45493 74.0029 374258 80.9593
3.47788 72.8198 380558 79.665
3.50098 72.1163 388434 78.8953
3.52428 71.2324 398522 77.9283
3.54776 70.2204 404042 76.8212
3.5713 69.2542 412164 75.7642
3.59506 68.7797 422258 75.2451
3.61902 67.8756 430754 74.256
3.64313 67.0943 438906 73.4013
3.66736 66.1742 446738 72.3946
3.69182 65.6413 459098 71.8117
3.71639 64.8423 463380 70.9376
3.7411 63.8392 476138 69.8401
3.76602 63.0395 484322 68.9653
3.7911 62.3587 495738 68.2205
3.81637 61.7287 504266 67.5313
3.8418 60.9477 515696 66.6769
3.8673 60.2459 520974 65.9091
3.89298 59.5306 536882 65.1266
3.91895 58.7371 546818 64.2585
3.94503 58.1377 556178 63.6028
3.97125 57.4675 567672 62.8695
3.99772 56.8168 582314 62.1577
4.02443 56.1629 593138 61.4423
4.05121 55.4761 600920 60.691
4.07809 54.9279 614274 60.0912
4.10526 54.1556 630050 59.2463
4.13259 53.5769 638678 58.6132
4.16008 52.88 653984 57.8508
4.18785 52.2867 669618 57.2017
4.21573 51.5766 676922 56.4249
4.24371 50.9298 692552 55.7172
4.27197 50.2095 709178 54.9292
4.30044 49.5687 721416 54.2282
4.32905 49.055 735698 53.6663
4.35788 48.4205 752546 52.9721
4.38688 47.9137 763760 52.4176
4.41605 47.2792 782498 51.7235
4.44546 46.8526 797178 51.2568
4.47509 46.1326 814976 50.4691
4.50493 45.5631 831266 49.8461
4.53494 45.131 845696 49.3733
4.56506 44.7156 860234 48.9189
4.59545 44.0898 883928 48.2343
4.62609 43.5567 898338 47.6511
4.65691 42.9563 917576 46.9942
4.68789 42.4493 933194 46.4396
4.71906 41.8674 952736 45.803
4.75048 41.3175 974522 45.2014
4.78209 40.946 990032 44.795
4.8139 40.4826 1013438 44.2881
4.84595 39.916 1031168 43.6682
4.87821 39.5143 1055610 43.2287
4.91071 38.9949 1074440 42.6604
4.94338 38.5458 1095146 42.1692
4.97629 37.9529 1119584 41.5206
5.00945 37.5247 1141922 41.0521
5.04276 36.9767 1160216 40.4525
5.07626 36.5681 1185992 40.0055
5.1101 36.2321 1215422 39.638
5.14418 35.6187 1235072 38.9669
5.1784 35.2821 1259024 38.5987
5.21287 34.7984 1286210 38.0695
5.24757 34.4401 1310960 37.6775
5.2825 33.9637 1338056 37.1564
5.31768 33.5279 1364966 36.6795
5.35308 33.0557 1391768 36.163
5.38871 32.6609 1420448 35.7311
5.42459 32.1931 1448858 35.2193
5.46071 31.8143 1477952 34.8048
5.49705 31.4871 1506308 34.4469
5.53363 30.967 1538144 33.8779
5.57046 30.5865 1567562 33.4617
5.60749 30.2973 1596704 33.1452
5.64482 29.9142 1635572 32.7262
5.68244 29.5809 1666520 32.3616
5.72029 29.1852 1699304 31.9287
5.7584 28.7451 1734278 31.4472
5.79671 28.3851 1764392 31.0534
5.83528 28.0023 1804904 30.6345
5.87416 27.6988 1841024 30.3025
5.91325 27.4173 1873820 29.9946
5.95258 27.0598 1913600 29.6034
5.99221 26.6916 1952864 29.2007
6.03213 26.3486 1994966 28.8254
6.07232 26.0382 2032160 28.4859
6.11272 25.7179 2070124 28.1354
6.15341 25.3695 2117456 27.7543
6.1944 25.039 2156600 27.3927
6.23563 24.7129 2200316 27.036
6.27716 24.3266 2247272 26.6133
6.31895 24.095 2287460 26.36
6.36099 23.7971 2335424 26.0341
6.40334 23.4761 2383216 25.6829
6.44597 23.1827 2430548 25.3619
6.48883 22.8935 2474288 25.0455
6.53202 22.5853 2533724 24.7084
6.57553 22.2917 2578544 24.3871
6.61931 22.0055 2634154 24.0741
6.66339 21.7209 2685200 23.7627
6.70776 21.4425 2740268 23.4581
6.7524 21.2087 2791568 23.2023
6.79737 20.9286 2854940 22.8959
6.84263 20.6197 2904208 22.558
6.88816 20.3831 2965964 22.2991
6.93399 20.105 3022550 21.9949
6.98015 19.8292 3089068 21.6931
7.02663 19.597 3148604 21.4391
7.0734 19.3338 3210680 21.1512
7.12047 19.0774 3275210 20.8707
7.16789 18.8448 3346312 20.6162
7.21564 18.6162 3408932 20.3661
7.26365 18.3601 3475196 20.0859
7.312 18.136 3550342 19.8409
7.36069 17.855 3618788 19.5334
7.40968 17.6348 3690872 19.2925
7.459 17.4326 3765538 19.0713
7.50862 17.1988 3838964 18.8155
7.5586 16.9786 3920362 18.5746
7.60894 16.7562 4000832 18.3313
7.65961 16.5491 4077428 18.1047
7.7106 16.3331 4160626 17.8684
7.76192 16.1007 4243208 17.6142
7.81363 15.8999 4335538 17.3945
7.86566 15.708 4413500 17.1846
7.91801 15.494 4505450 16.9504
7.97072 15.2988 4596040 16.7369
8.02376 15.1347 4684418 16.5574
8.07717 14.9357 4784836 16.3397
8.13095 14.75 4877354 16.1365
8.18507 14.5581 4975786 15.9266
8.23956 14.377 5078756 15.7285
8.29442 14.2059 5177662 15.5413
8.34962 14.0259 5280932 15.3444
8.40521 13.8601 5391274 15.163
8.46119 13.6823 5500906 14.9685
8.51752 13.5143 5604530 14.7846
8.57417 13.3536 5715700 14.6089
8.63126 13.2082 5842058 14.4498
8.68876 13.0561 5955226 14.2834
8.74657 12.8896 6063770 14.1012
8.80479 12.7414 6202156 13.9391
8.86345 12.5986 6320530 13.7828
8.92244 12.4402 6442874 13.6096
8.98183 12.336 6578986 13.4957
9.04164 12.1874 6707818 13.333
9.10181 12.0696 6838082 13.2042
9.1624 11.9313 6987316 13.0528
9.22341 11.8031 7117018 12.9126
9.28477 11.7022 7259306 12.8022
9.34659 11.5725 7415650 12.6604
9.40883 11.472 7558810 12.5504
9.47148 11.3646 7716338 12.4328
9.53453 11.2595 7860058 12.3179
9.59797 11.1677 8022286 12.2174
9.66188 11.0684 8191498 12.1088
9.72619 10.9872 8341402 12.02
9.79093 10.9066 8524784 11.9319
9.85612 10.8182 8686018 11.8351
9.92173 10.7527 8865142 11.7634
9.98778 10.6809 9040714 11.6849
10.0543 10.6184 9225754 11.6166
10.1212 10.5623 9409058 11.5552
10.1886 10.5026 9599212 11.4899
10.2564 10.4783 9792874 11.4632
10.3247 10.4357 9989362 11.4167
10.3934 10.416 10185502 11.3952
10.4626 10.416 10394392 11.3951
10.5323 10.4156 10607554 11.3946
10.6024 10.4226 10813990 11.4023
10.6729 10.4554 11029240 11.4382
10.7439 10.3936 11191111 11.3706
10.8154 10.1439 11185948 11.0974
10.8874 10.0124 11191384 10.9536
10.9599 9.90694 11166280 10.8382
11.0329 9.79598 11162812 10.7168
11.1063 9.68542 11148064 10.5959
11.1802 9.58982 11122480 10.4913
11.2546 9.49061 11104984 10.3827
11.3296 9.39074 11085376 10.2735
11.405 9.30796 11049712 10.1829
11.4809 9.21732 11013328 10.0838
11.5573 9.13495 10970140 9.99365
11.6343 9.05047 10943872 9.90122
11.7117 8.97073 10885456 9.81399
11.7897 8.89347 10833720 9.72946
11.8682 8.81802 10777816 9.64693
11.9472 8.74047 10724320 9.56208
12.0267 8.6718 10657576 9.48696
12.1068 8.60948 10579924 9.41878
12.1874 8.53667 10508784 9.33913
12.2685 8.47865 10422700 9.27565
12.3502 8.4212 10345720 9.21281
12.4324 8.36659 10248148 9.15306
12.5151 8.31093 10144776 9.09217
12.5985 8.26272 10050904 9.03943
12.6823 8.21618 9924772 8.98851
12.7667 8.18143 9816636 8.95049
12.8517 8.14245 9692764 8.90785
12.9373 8.1126 9567688 8.8752
13.0234 8.08417 9424104 8.84409
13.1101 8.06345 9278716 8.82143
13.1973 8.03343 9127788 8.78858
13.2852 8.02097 8968792 8.77495
13.3736 8.01708 8801068 8.7707
13.4626 8.00293 8626764 8.75522
13.5522 8.01188 8444740 8.765
13.6424 8.02912 8248812 8.78387
13.7332 8.05184 8050900 8.80872
13.8247 8.06625 7840044 8.82449
13.9167 8.08592 7621816 8.84601
14.0093 8.13268 7391184 8.89716
14.1025 8.18747 7158996 8.9571
14.1964 8.22914 6904924 9.00269
14.2909 8.29392 6649248 9.07356
14.386 8.3611 6384676 9.14706
14.4818 8.42527 6098844 9.21725
14.5781 8.49724 5811012 9.29599
14.6751 8.58238 5508112 9.38913
14.7727 8.64787 5195916 9.46078
14.8711 8.72507 4872228 9.54523
14.97 8.76704 4531392 9.59115
15.0695 8.74246 4181068 9.56426
15.1698 8.61973 3827115 9.43
15.2709 8.31712 3511752 9.09894
15.3726 8.22027 3240696 8.99299
15.4749 8.21302 2990682 8.98505
15.5779 8.22 2763190 8.99269
15.6816 8.24045 2544444 9.01507
15.786 8.28927 2340936 9.06847
15.8911 8.34521 2149530 9.12967
15.9968 8.38838 1967724 9.1769
16.1033 8.47994 1794918 9.27707
16.2104 8.58265 1632468 9.38943
16.3183 8.69469 1477728 9.512
16.4269 8.81652 1333008 9.64528
16.5362 8.96247 1194306 9.80496
16.6462 9.15349 1064754 10.0139
16.757 9.34144 941964 10.2195
16.8685 9.61932 826020 10.5236
16.9806 9.89849 718284 10.829
17.0936 10.212 619944 11.172
17.2072 10.583 524820 11.5778
17.3216 10.9934 441182 12.0268
17.4366 11.4992 360702 12.5801
17.5525 12.0838 292782 13.2197
17.6693 12.7657 228006 13.9657
17.7861 13.7104 171158 14.9992
17.9035 14.6395 124494 16.0156
18.0221 16.1482 84168 17.6662
18.1408 17.844 51006 19.5213
18.2586 20.5758 26360 22.51
18.374 27.5229 9960 30.1101
18.4789 43.4391 1561 47.5225
