# in Mpc/h Units 
# k P_nu(k) Nmodes
# a= 0.0703235
# nk = 757
0.020944 1.3928 6
0.0296192 0.435496 12
0.036276 0.196571 8
0.0418879 0.109213 6
0.0468321 0.0689325 24
0.051302 0.0480914 24
0.0592384 0.0273886 12
0.0628319 0.0218902 30
0.0662306 0.0175113 24
0.0694632 0.0141159 24
0.072552 0.0115756 8
0.0755145 0.00965596 24
0.0783651 0.00786289 48
0.0837758 0.00554396 6
0.0863541 0.00477689 48
0.0888577 0.00401647 36
0.0912926 0.00359192 24
0.0936642 0.00307875 24
0.0959772 0.00271425 48
0.0982358 0.00233042 24
0.102604 0.00182766 24
0.10472 0.00170903 30
0.106794 0.00155432 72
0.108828 0.00144912 32
0.112787 0.00121425 72
0.114715 0.00112908 48
0.118477 0.000893347 12
0.120314 0.000918714 48
0.122123 0.000857504 48
0.123906 0.000830078 48
0.125664 0.00076529 30
0.127397 0.000709719 24
0.129107 0.000649007 72
0.132461 0.000584643 24
0.134107 0.000536465 96
0.135732 0.000510066 48
0.137339 0.000475392 24
0.138926 0.000452342 24
0.140496 0.000408079 72
0.142049 0.00038947 48
0.145104 0.000347791 8
0.146608 0.00032761 54
0.148096 0.000302409 84
0.14957 0.000289809 48
0.151029 0.000268071 24
0.152474 0.000246241 72
0.153906 0.000244042 96
0.15673 0.000217176 48
0.158123 0.000199772 48
0.159504 0.000194728 24
0.160874 0.000184869 72
0.163577 0.000168121 72
0.164913 0.000167982 96
0.167552 0.000143304 6
0.168856 0.000147877 96
0.170149 0.000143298 96
0.171434 0.000131787 24
0.172708 0.000132361 48
0.173974 0.000121503 96
0.17523 0.000122371 48
0.177715 0.000118849 36
0.178945 0.000111596 48
0.180167 0.000108258 120
0.18138 0.000103166 56
0.182585 9.97589e-05 24
0.183782 9.71378e-05 96
0.184972 8.95101e-05 48
0.187328 8.58664e-05 24
0.188496 8.36844e-05 102
0.190347 8.21433e-05 120
0.191954 7.94429e-05 48
0.193094 7.39832e-05 48
0.194226 7.30787e-05 120
0.196472 6.74293e-05 24
0.197585 6.67789e-05 144
0.199006 6.22312e-05 168
0.201976 6.06891e-05 48
0.203059 5.6752e-05 96
0.205208 5.01478e-05 24
0.206274 4.96966e-05 48
0.207335 4.81184e-05 108
0.20839 4.97336e-05 72
0.210326 4.48573e-05 198
0.211524 4.13985e-05 48
0.213587 4.10493e-05 72
0.214612 3.783e-05 96
0.215631 3.65672e-05 72
0.216957 3.79561e-05 104
0.218661 3.39736e-05 72
0.219662 3.34851e-05 144
0.223129 3.08796e-05 192
0.224599 3.08038e-05 48
0.22618 2.94698e-05 192
0.22751 2.8018e-05 72
0.229429 2.6469e-05 48
0.230383 2.70929e-05 78
0.231604 2.61421e-05 168
0.23416 2.3724e-05 144
0.235095 2.36195e-05 144
0.236954 2.43681e-05 12
0.238108 2.21523e-05 192
0.239975 2.14822e-05 168
0.241537 2.16115e-05 48
0.242444 2.03598e-05 168
0.244844 1.9289e-05 144
0.246417 1.80286e-05 168
0.248401 1.78273e-05 144
0.249576 1.67563e-05 48
0.251327 1.89818e-05 30
0.252777 1.65465e-05 288
0.254191 1.56824e-05 80
0.25601 1.54414e-05 288
0.258214 1.46149e-05 72
0.2594 1.42327e-05 240
0.26075 1.34526e-05 96
0.262904 1.2903e-05 168
0.265657 1.23387e-05 216
0.266722 1.23157e-05 132
0.268622 1.17004e-05 192
0.269844 1.10036e-05 120
0.271964 1.04931e-05 126
0.273543 1.01258e-05 288
0.275842 9.87726e-06 312
0.277853 9.54137e-06 24
0.279641 8.94293e-06 264
0.28148 8.79831e-06 192
0.282936 8.24437e-06 192
0.285198 7.77463e-06 336
0.286404 7.61039e-06 48
0.288084 7.97721e-06 240
0.291553 7.13124e-06 296
0.292736 6.7025e-06 150
0.294335 6.77249e-06 240
0.296659 6.45873e-06 228
0.298323 6.17287e-06 216
0.300394 6.10393e-06 336
0.302928 5.73787e-06 360
0.304588 5.21461e-06 144
0.305974 4.91608e-06 168
0.308578 5.13915e-06 312
0.310884 4.7482e-06 288
0.312408 4.63032e-06 192
0.314799 4.55455e-06 366
0.317265 4.49501e-06 408
0.319597 4.2198e-06 168
0.320771 4.13907e-06 336
0.3227 3.84991e-06 240
0.32574 3.54872e-06 380
0.32795 3.69355e-06 384
0.330224 3.37464e-06 240
0.331726 3.50942e-06 360
0.333831 3.1693e-06 198
0.336246 3.12925e-06 384
0.338319 2.88938e-06 384
0.341157 2.80126e-06 432
0.343593 2.6987e-06 528
0.346262 2.64424e-06 288
0.347842 2.50844e-06 288
0.350326 2.41068e-06 456
0.352828 2.27145e-06 360
0.354442 2.23316e-06 180
0.356776 2.18815e-06 486
0.359142 2.05831e-06 504
0.361681 2.03577e-06 512
0.363857 1.97239e-06 264
0.366441 1.92814e-06 600
0.368657 1.87554e-06 288
0.371486 1.74185e-06 672
0.374587 1.68062e-06 408
0.376839 1.52409e-06 462
0.379079 1.53268e-06 600
0.38178 1.46864e-06 504
0.384712 1.40836e-06 324
0.386663 1.36258e-06 744
0.389313 1.33392e-06 456
0.39167 1.27899e-06 432
0.394428 1.20617e-06 720
0.397811 1.16412e-06 534
0.400019 1.12469e-06 536
0.402781 1.03263e-06 624
0.405015 1.04696e-06 600
0.40766 9.60967e-07 696
0.410865 9.54992e-07 456
0.413244 9.22797e-07 732
0.416084 8.87939e-07 600
0.418986 8.66272e-07 702
0.421544 8.12676e-07 672
0.424534 7.9364e-07 768
0.42751 7.45845e-07 768
0.430034 7.46227e-07 408
0.432751 6.99226e-07 1080
0.436344 6.86474e-07 632
0.438896 6.33986e-07 750
0.44171 6.30258e-07 696
0.444585 6.19878e-07 876
0.447784 5.67145e-07 864
0.45034 5.48141e-07 768
0.453413 5.42546e-07 888
0.456575 5.05558e-07 816
0.459787 4.83233e-07 654
0.462622 4.7325e-07 1296
0.465862 4.5066e-07 816
0.468802 4.32909e-07 816
0.471915 4.07876e-07 1088
0.475472 4.07863e-07 1020
0.478779 3.83288e-07 1032
0.481919 3.64295e-07 942
0.484939 3.55845e-07 1032
0.488502 3.44182e-07 1128
0.491034 3.32577e-07 888
0.494348 3.20784e-07 1176
0.497688 3.15981e-07 960
0.500527 2.89926e-07 1110
0.504331 2.83399e-07 1116
0.507364 2.72341e-07 1352
0.510774 2.60571e-07 1200
0.514275 2.58241e-07 1224
0.517978 2.37979e-07 1320
0.521294 2.23145e-07 1128
0.524822 2.26458e-07 1518
0.527973 2.19091e-07 1080
0.531698 2.02352e-07 1524
0.535226 1.97102e-07 1416
0.539103 1.8525e-07 1704
0.543 1.79682e-07 1088
0.546011 1.71475e-07 1446
0.549827 1.68602e-07 1800
0.55369 1.6204e-07 1512
0.557166 1.5412e-07 1392
0.560475 1.53441e-07 1392
0.564609 1.4258e-07 1962
0.56859 1.36909e-07 1776
0.572441 1.3141e-07 1680
0.5763 1.26682e-07 1776
0.580121 1.20519e-07 1544
0.583625 1.16386e-07 1896
0.587525 1.0973e-07 1662
0.591428 1.09375e-07 1908
0.595301 1.04179e-07 2184
0.599624 9.65971e-08 1848
0.603294 9.58108e-08 1848
0.60771 8.98299e-08 2238
0.611568 8.7462e-08 2088
0.615779 8.38905e-08 2192
0.619303 8.20582e-08 1536
0.623194 7.67513e-08 2412
0.627636 7.62175e-08 2262
0.631826 7.23312e-08 2448
0.635971 6.9422e-08 2040
0.64039 6.56604e-08 2976
0.644956 6.32058e-08 2184
0.649302 5.9691e-08 2550
0.653461 5.76918e-08 2396
0.657644 5.60189e-08 2760
0.662026 5.30115e-08 2424
0.666685 5.25499e-08 2832
0.670916 4.92663e-08 2574
0.675462 4.79792e-08 3024
0.679703 4.63155e-08 2484
0.684292 4.387e-08 3168
0.688927 4.27279e-08 2894
0.693468 4.00809e-08 2856
0.698026 3.99613e-08 3384
0.702952 3.78059e-08 3240
0.707372 3.63001e-08 2856
0.712317 3.50711e-08 3474
0.716936 3.37265e-08 3432
0.721869 3.18253e-08 3552
0.726964 3.12757e-08 3560
0.73163 2.91343e-08 3270
0.736224 2.81143e-08 3552
0.74119 2.66669e-08 3780
0.746118 2.59815e-08 3960
0.751313 2.50174e-08 3696
0.756133 2.3953e-08 3726
0.761156 2.32085e-08 4376
0.766095 2.18734e-08 3648
0.771205 2.09599e-08 4332
0.776456 2.02572e-08 4254
0.781432 1.97514e-08 4296
0.786733 1.87249e-08 4320
0.791574 1.81647e-08 4368
0.797255 1.73794e-08 4826
0.802676 1.64563e-08 5016
0.808005 1.61462e-08 4608
0.813482 1.53838e-08 4824
0.818759 1.49286e-08 4950
0.824173 1.38977e-08 5232
0.829708 1.37111e-08 4980
0.834919 1.31481e-08 4838
0.840568 1.25258e-08 6024
0.846479 1.18535e-08 5520
0.851948 1.13188e-08 5400
0.857592 1.10236e-08 5538
0.863369 1.03835e-08 6456
0.869182 1.025e-08 5504
0.874831 9.80566e-09 6168
0.880682 9.44558e-09 5910
0.886294 9.0678e-09 6372
0.892352 8.56365e-09 6768
0.898399 8.32957e-09 6294
0.904229 7.89854e-09 6656
0.910231 7.61663e-09 7224
0.916513 7.42154e-09 6708
0.922651 7.06995e-09 7566
0.92895 6.6609e-09 7416
0.935092 6.3868e-09 6984
0.940995 6.28203e-09 7310
0.947406 5.92401e-09 8148
0.953652 5.71751e-09 7632
0.960017 5.40944e-09 8088
0.966595 5.20664e-09 8478
0.972908 5.04003e-09 8112
0.979222 4.77486e-09 8108
0.985855 4.67186e-09 9510
0.992666 4.48015e-09 8472
0.998881 4.33748e-09 8832
1.00551 4.14229e-09 8898
1.01216 4.00562e-09 10008
1.01908 3.82029e-09 9392
1.02599 3.59483e-09 10206
1.03271 3.45006e-09 9528
1.03948 3.37714e-09 10236
1.04641 3.21499e-09 10398
1.05346 3.11801e-09 10784
1.06036 2.94475e-09 10584
1.0676 2.84438e-09 11346
1.07471 2.7245e-09 11400
1.08175 2.58327e-09 11016
1.08895 2.47155e-09 11870
1.09637 2.40424e-09 12516
1.10369 2.31461e-09 11880
1.11092 2.24133e-09 11886
1.1181 2.13106e-09 13104
1.12573 2.02588e-09 12764
1.1332 1.96726e-09 13446
1.14081 1.86169e-09 13464
1.14829 1.78669e-09 13398
1.15605 1.72179e-09 14628
1.16374 1.67083e-09 14024
1.1717 1.59958e-09 15054
1.17935 1.49642e-09 14496
1.18713 1.46341e-09 15012
1.195 1.40689e-09 15422
1.20281 1.32803e-09 15624
1.21088 1.28481e-09 16146
1.21904 1.23239e-09 17064
1.22715 1.1867e-09 16152
1.23533 1.14992e-09 17510
1.24354 1.0815e-09 17172
1.25174 1.03114e-09 17880
1.26013 1.00562e-09 18030
1.26845 9.43979e-10 18680
1.27706 9.2229e-10 19170
1.28545 8.91295e-10 18720
1.29387 8.50924e-10 19536
1.3027 8.17931e-10 20954
1.31143 7.84715e-10 20328
1.3202 7.53514e-10 20718
1.32891 7.18128e-10 21348
1.33775 6.97535e-10 21534
1.34663 6.63118e-10 22256
1.35548 6.30669e-10 22104
1.3645 6.15771e-10 23178
1.37362 5.80292e-10 23880
1.38289 5.56696e-10 24230
1.39214 5.32626e-10 24468
1.40146 5.14837e-10 25230
1.41076 4.98943e-10 25328
1.42016 4.70969e-10 25818
1.42955 4.53975e-10 26616
1.43897 4.27898e-10 26376
1.44856 4.16835e-10 28034
1.45815 3.89704e-10 27816
1.46783 3.82996e-10 28398
1.47755 3.62921e-10 29652
1.48753 3.54911e-10 30134
1.4975 3.37902e-10 30792
1.50759 3.22179e-10 31218
1.51744 3.14149e-10 30912
1.52762 2.97709e-10 33158
1.53782 2.89309e-10 32772
1.54798 2.75381e-10 33150
1.55817 2.65594e-10 34256
1.56867 2.5058e-10 35562
1.579 2.38971e-10 34992
1.58955 2.3011e-10 37158
1.60018 2.21123e-10 36956
1.61084 2.11909e-10 37950
1.62148 2.04898e-10 38496
1.63242 1.97143e-10 40274
1.64322 1.86589e-10 39264
1.65411 1.79659e-10 41466
1.66512 1.72632e-10 41960
1.67627 1.64419e-10 42702
1.68736 1.57584e-10 43356
1.69863 1.51857e-10 44886
1.70994 1.45337e-10 45248
1.72135 1.39474e-10 46362
1.73279 1.34309e-10 46974
1.74428 1.27199e-10 48236
1.75588 1.21693e-10 48774
1.76756 1.1908e-10 50616
1.77941 1.13638e-10 51050
1.79124 1.07672e-10 52272
1.80325 1.03479e-10 53658
1.81507 9.8886e-11 52640
1.82722 9.55226e-11 57366
1.83948 9.13946e-11 55170
1.85166 8.74658e-11 58544
1.86408 8.37651e-11 58506
1.87633 8.04605e-11 58968
1.88886 7.74147e-11 62366
1.90144 7.37878e-11 61266
1.914 7.07608e-11 63960
1.92679 6.75145e-11 64730
1.93957 6.52961e-11 66360
1.95256 6.22635e-11 67778
1.96563 5.95099e-11 69558
1.97869 5.74921e-11 69660
1.99179 5.45315e-11 71390
2.00509 5.26498e-11 73974
2.01846 5.07705e-11 74196
2.03193 4.82929e-11 76622
2.04528 4.62961e-11 75516
2.05892 4.44724e-11 81510
2.07279 4.23224e-11 80138
2.0865 4.08629e-11 82368
2.10039 3.87718e-11 84098
2.11443 3.75541e-11 86286
2.12845 3.56017e-11 86700
2.14263 3.4449e-11 90014
2.15695 3.28438e-11 90930
2.17119 3.18393e-11 91694
2.18567 3.02202e-11 96228
2.20036 2.90525e-11 97014
2.21494 2.80898e-11 97370
2.22958 2.66151e-11 100656
2.24445 2.56292e-11 102530
2.25936 2.43549e-11 104454
2.27439 2.34915e-11 107196
2.28969 2.24096e-11 110414
2.30493 2.13021e-11 109578
2.32027 2.05996e-11 114974
2.33573 1.96576e-11 114396
2.35122 1.88732e-11 118190
2.3669 1.80756e-11 120498
2.38266 1.73771e-11 122718
2.39847 1.66119e-11 124604
2.41442 1.5942e-11 127950
2.43055 1.51848e-11 130826
2.44673 1.46259e-11 132510
2.4629 1.41021e-11 134180
2.47932 1.34182e-11 140214
2.4959 1.28991e-11 140018
2.51254 1.23385e-11 145650
2.52927 1.17823e-11 145350
2.54604 1.12652e-11 150188
2.56299 1.08718e-11 152214
2.58009 1.03021e-11 157226
2.5973 9.90477e-12 158118
2.61455 9.48927e-12 162338
2.63195 9.08669e-12 165378
2.64948 8.76661e-12 169256
2.66707 8.39405e-12 170682
2.68485 7.99342e-12 177566
2.70286 7.65955e-12 179610
2.72085 7.35175e-12 182690
2.73892 7.0338e-12 185694
2.75712 6.78538e-12 190346
2.77543 6.44808e-12 192852
2.79389 6.19763e-12 198806
2.81251 5.90672e-12 201378
2.83127 5.67046e-12 207446
2.85007 5.43536e-12 207258
2.86897 5.19376e-12 215762
2.88818 4.99111e-12 219702
2.90739 4.78189e-12 221522
2.92669 4.60492e-12 227754
2.94616 4.39598e-12 231710
2.96573 4.20404e-12 235994
2.98548 3.98983e-12 242346
3.00539 3.85809e-12 246704
3.02539 3.67992e-12 250410
3.04557 3.53313e-12 258410
3.06592 3.40404e-12 261414
3.0863 3.25399e-12 265874
3.10684 3.11132e-12 273450
3.12756 2.97252e-12 276974
3.1484 2.85181e-12 284402
3.16935 2.73627e-12 287754
3.19042 2.61413e-12 295010
3.21172 2.50049e-12 302142
3.2331 2.39641e-12 304946
3.25451 2.30376e-12 311642
3.27615 2.19209e-12 319326
3.2979 2.10705e-12 323618
3.31984 2.01108e-12 333744
3.34198 1.93648e-12 337970
3.3643 1.8545e-12 348758
3.38673 1.76727e-12 350346
3.40918 1.70038e-12 358778
3.43196 1.62908e-12 370578
3.45493 1.55798e-12 374258
3.47788 1.49561e-12 380558
3.50098 1.42766e-12 388434
3.52428 1.3697e-12 398522
3.54776 1.31518e-12 404042
3.5713 1.25913e-12 412164
3.59506 1.20335e-12 422258
3.61902 1.15269e-12 430754
3.64313 1.10477e-12 438906
3.66736 1.05762e-12 446738
3.69182 1.01102e-12 459098
3.71639 9.71021e-13 463380
3.7411 9.30083e-13 476138
3.76602 8.89309e-13 484322
3.7911 8.56589e-13 495738
3.81637 8.19464e-13 504266
3.8418 7.84113e-13 515696
3.8673 7.51525e-13 520974
3.89298 7.17266e-13 536882
3.91895 6.92833e-13 546818
3.94503 6.60106e-13 556178
3.97125 6.33085e-13 567672
3.99772 6.07456e-13 582314
4.02443 5.82887e-13 593138
4.05121 5.58898e-13 600920
4.07809 5.35918e-13 614274
4.10526 5.12105e-13 630050
4.13259 4.91397e-13 638678
4.16008 4.7144e-13 653984
4.18785 4.53311e-13 669618
4.21573 4.33325e-13 676922
4.24371 4.16759e-13 692552
4.27197 3.98713e-13 709178
4.30044 3.82396e-13 721416
4.32905 3.67693e-13 735698
4.35788 3.51342e-13 752546
4.38688 3.37478e-13 763760
4.41605 3.24515e-13 782498
4.44546 3.11346e-13 797178
4.47509 2.98883e-13 814976
4.50493 2.86763e-13 831266
4.53494 2.76313e-13 845696
4.56506 2.64624e-13 860234
4.59545 2.54498e-13 883928
4.62609 2.4355e-13 898338
4.65691 2.35241e-13 917576
4.68789 2.25762e-13 933194
4.71906 2.16718e-13 952736
4.75048 2.09049e-13 974522
4.78209 2.01228e-13 990032
4.8139 1.93153e-13 1013438
4.84595 1.85542e-13 1031168
4.87821 1.78433e-13 1055610
4.91071 1.72448e-13 1074440
4.94338 1.66091e-13 1095146
4.97629 1.59973e-13 1119584
5.00945 1.54196e-13 1141922
5.04276 1.49017e-13 1160216
5.07626 1.43032e-13 1185992
5.1101 1.38329e-13 1215422
5.14418 1.33581e-13 1235072
5.1784 1.28765e-13 1259024
5.21287 1.24537e-13 1286210
5.24757 1.20302e-13 1310960
5.2825 1.164e-13 1338056
5.31768 1.12445e-13 1364966
5.35308 1.09127e-13 1391768
5.38871 1.0543e-13 1420448
5.42459 1.02141e-13 1448858
5.46071 9.90506e-14 1477952
5.49705 9.60153e-14 1506308
5.53363 9.33375e-14 1538144
5.57046 9.04809e-14 1567562
5.60749 8.81069e-14 1596704
5.64482 8.55246e-14 1635572
5.68244 8.34458e-14 1666520
5.72029 8.09814e-14 1699304
5.7584 7.89507e-14 1734278
5.79671 7.69727e-14 1764392
5.83528 7.53057e-14 1804904
5.87416 7.34521e-14 1841024
5.91325 7.17684e-14 1873820
5.95258 7.05286e-14 1913600
5.99221 6.86406e-14 1952864
6.03213 6.73149e-14 1994966
6.07232 6.6263e-14 2032160
6.11272 6.5013e-14 2070124
6.15341 6.39497e-14 2117456
6.1944 6.29194e-14 2156600
6.23563 6.20123e-14 2200316
6.27716 6.10508e-14 2247272
6.31895 6.02629e-14 2287460
6.36099 5.95379e-14 2335424
6.40334 5.87677e-14 2383216
6.44597 5.8387e-14 2430548
6.48883 5.78396e-14 2474288
6.53202 5.75173e-14 2533724
6.57553 5.69984e-14 2578544
6.61931 5.66762e-14 2634154
6.66339 5.64973e-14 2685200
6.70776 5.62575e-14 2740268
6.7524 5.62661e-14 2791568
6.79737 5.62207e-14 2854940
6.84263 5.60407e-14 2904208
6.88816 5.61811e-14 2965964
6.93399 5.64392e-14 3022550
6.98015 5.67315e-14 3089068
7.02663 5.69489e-14 3148604
7.0734 5.72935e-14 3210680
7.12047 5.77684e-14 3275210
7.16789 5.84176e-14 3346312
7.21564 5.87855e-14 3408932
7.26365 5.94741e-14 3475196
7.312 6.06169e-14 3550342
7.36069 6.12983e-14 3618788
7.40968 6.21061e-14 3690872
7.459 6.36165e-14 3765538
7.50862 6.41743e-14 3838964
7.5586 6.53332e-14 3920362
7.60894 6.71996e-14 4000832
7.65961 6.78536e-14 4077428
7.7106 7.0027e-14 4160626
7.76192 7.14276e-14 4243208
7.81363 7.34227e-14 4335538
7.86566 7.4983e-14 4413500
7.91801 7.76429e-14 4505450
7.97072 7.91973e-14 4596040
8.02376 8.19989e-14 4684418
8.07717 8.41171e-14 4784836
8.13095 8.75619e-14 4877354
8.18507 8.93084e-14 4975786
8.23956 9.36014e-14 5078756
8.29442 9.66679e-14 5177662
8.34962 9.863e-14 5280932
8.40521 1.04701e-13 5391274
8.46119 1.07659e-13 5500906
8.51752 1.1107e-13 5604530
8.57417 1.17716e-13 5715700
8.63126 1.21989e-13 5842058
8.68876 1.26845e-13 5955226
8.74657 1.3121e-13 6063770
8.80479 1.39855e-13 6202156
8.86345 1.45883e-13 6320530
8.92244 1.51691e-13 6442874
8.98183 1.58599e-13 6578986
9.04164 1.65644e-13 6707818
9.10181 1.73152e-13 6838082
9.1624 1.82633e-13 6987316
9.22341 1.92058e-13 7117018
9.28477 2.01765e-13 7259306
9.34659 2.10298e-13 7415650
9.40883 2.19849e-13 7558810
9.47148 2.30288e-13 7716338
9.53453 2.40976e-13 7860058
9.59797 2.50374e-13 8022286
9.66188 2.60663e-13 8191498
9.72619 2.70766e-13 8341402
9.79093 2.81338e-13 8524784
9.85612 2.94748e-13 8686018
9.92173 3.07797e-13 8865142
9.98778 3.12152e-13 9040714
10.0543 3.21953e-13 9225754
10.1212 3.25944e-13 9409058
10.1886 3.35802e-13 9599212
10.2564 3.47987e-13 9792874
10.3247 3.45432e-13 9989362
10.3934 3.42139e-13 10185502
10.4626 3.57976e-13 10394392
10.5323 3.55805e-13 10607554
10.6024 3.44283e-13 10813990
10.6729 3.58732e-13 11029240
10.7439 2.0162e-13 11191111
10.8154 5.92203e-14 11185948
10.8874 3.41719e-14 11191384
10.9599 2.56761e-14 11166280
11.0329 2.19061e-14 11162812
11.1063 2.00936e-14 11148064
11.1802 1.9276e-14 11122480
11.2546 1.89983e-14 11104984
11.3296 1.90879e-14 11085376
11.405 1.95134e-14 11049712
11.4809 2.01353e-14 11013328
11.5573 2.09512e-14 10970140
11.6343 2.19771e-14 10943872
11.7117 2.30848e-14 10885456
11.7897 2.4383e-14 10833720
11.8682 2.58892e-14 10777816
11.9472 2.76885e-14 10724320
12.0267 2.94344e-14 10657576
12.1068 3.16496e-14 10579924
12.1874 3.39513e-14 10508784
12.2685 3.64992e-14 10422700
12.3502 3.93848e-14 10345720
12.4324 4.25486e-14 10248148
12.5151 4.57824e-14 10144776
12.5985 4.9876e-14 10050904
12.6823 5.38033e-14 9924772
12.7667 5.841e-14 9816636
12.8517 6.37465e-14 9692764
12.9373 6.9038e-14 9567688
13.0234 7.50045e-14 9424104
13.1101 8.14719e-14 9278716
13.1973 8.86526e-14 9127788
13.2852 9.62023e-14 8968792
13.3736 1.04531e-13 8801068
13.4626 1.13574e-13 8626764
13.5522 1.23353e-13 8444740
13.6424 1.33685e-13 8248812
13.7332 1.43962e-13 8050900
13.8247 1.55175e-13 7840044
13.9167 1.66306e-13 7621816
14.0093 1.78434e-13 7391184
14.1025 1.90331e-13 7158996
14.1964 1.99902e-13 6904924
14.2909 2.09586e-13 6649248
14.386 2.17571e-13 6384676
14.4818 2.20153e-13 6098844
14.5781 2.21249e-13 5811012
14.6751 2.14274e-13 5508112
14.7727 2.01419e-13 5195916
14.8711 1.83822e-13 4872228
14.97 1.51996e-13 4531392
15.0695 1.07973e-13 4181068
15.1698 5.9422e-14 3827115
15.2709 4.51232e-14 3511752
15.3726 4.81233e-14 3240696
15.4749 5.38336e-14 2990682
15.5779 6.14495e-14 2763190
15.6816 7.02694e-14 2544444
15.786 8.11043e-14 2340936
15.8911 9.36784e-14 2149530
15.9968 1.08237e-13 1967724
16.1033 1.25374e-13 1794918
16.2104 1.45162e-13 1632468
16.3183 1.68547e-13 1477728
16.4269 1.95973e-13 1333008
16.5362 2.28019e-13 1194306
16.6462 2.65077e-13 1064754
16.757 3.07458e-13 941964
16.8685 3.56334e-13 826020
16.9806 4.1407e-13 718284
17.0936 4.80527e-13 619944
17.2072 5.53038e-13 524820
17.3216 6.39484e-13 441182
17.4366 7.27384e-13 360702
17.5525 8.41098e-13 292782
17.6693 9.44966e-13 228006
17.7861 1.06314e-12 171158
17.9035 1.19659e-12 124494
18.0221 1.32932e-12 84168
18.1408 1.45026e-12 51006
18.2586 1.5799e-12 26360
18.374 1.7394e-12 9960
18.4789 1.94203e-12 1561
